4800	0	671	2400	3071	
4801	1	672	2401	3072	
4802	1	672	2401	3072	
4803	2	673	2402	3073	
4804	2	673	2402	3073	
4805	3	674	2403	3074	
4806	3	674	2403	3074	
4807	4	675	2404	3075	
4808	4	675	2404	3075	
4809	5	676	2405	3076	
4810	5	676	2405	3076	
4811	6	677	2406	3077	
4812	6	677	2406	3077	
4813	7	678	2407	3078	
4814	7	678	2407	3078	
4815	8	679	2408	3079	
4816	8	679	2408	3079	
4817	9	680	2409	3080	
4818	9	680	2409	3080	
4819	10	681	2410	3081	
4820	10	681	2410	3081	
4821	11	682	2411	3082	
4822	11	682	2411	3082	
4823	12	683	2412	3083	
4824	12	683	2412	3083	
4825	13	684	2413	3084	
4826	13	684	2413	3084	
4827	14	685	2414	3085	
4828	14	685	2414	3085	
4829	15	686	2415	3086	
4830	15	686	2415	3086	
4831	16	687	2416	3087	
4832	16	687	2416	3087	
4833	17	688	2417	3088	
4834	17	688	2417	3088	
4835	18	689	2418	3089	
4836	18	689	2418	3089	
4837	19	690	2419	3090	
4838	19	690	2419	3090	
4839	20	691	2420	3091	
4840	20	691	2420	3091	
4841	21	692	2421	3092	
4842	21	692	2421	3092	
4843	22	693	2422	3093	
4844	22	693	2422	3093	
4845	23	694	2423	3094	
4846	23	694	2423	3094	
4847	24	695	2424	3095	
4848	24	695	2424	3095	
4849	25	696	2425	3096	
4850	25	696	2425	3096	
4851	26	697	2426	3097	
4852	26	697	2426	3097	
4853	27	698	2427	3098	
4854	27	698	2427	3098	
4855	28	699	2428	3099	
4856	28	699	2428	3099	
4857	29	700	2429	3100	
4858	29	700	2429	3100	
4859	30	701	2430	3101	
4860	30	701	2430	3101	
4861	31	702	2431	3102	
4862	31	702	2431	3102	
4863	32	703	2432	3103	
4864	32	703	2432	3103	
4865	33	704	2433	3104	
4866	33	704	2433	3104	
4867	34	705	2434	3105	
4868	34	705	2434	3105	
4869	35	706	2435	3106	
4870	35	706	2435	3106	
4871	36	707	2436	3107	
4872	36	707	2436	3107	
4873	37	708	2437	3108	
4874	37	708	2437	3108	
4875	38	709	2438	3109	
4876	38	709	2438	3109	
4877	39	710	2439	3110	
4878	39	710	2439	3110	
4879	40	711	2440	3111	
4880	40	711	2440	3111	
4881	41	712	2441	3112	
4882	41	712	2441	3112	
4883	42	713	2442	3113	
4884	42	713	2442	3113	
4885	43	714	2443	3114	
4886	43	714	2443	3114	
4887	44	715	2444	3115	
4888	44	715	2444	3115	
4889	45	716	2445	3116	
4890	45	716	2445	3116	
4891	46	717	2446	3117	
4892	46	717	2446	3117	
4893	47	718	2447	3118	
4894	47	718	2447	3118	
4895	48	719	2448	3119	
4896	48	719	2448	3119	
4897	49	720	2449	3120	
4898	49	720	2449	3120	
4899	50	721	2450	3121	
4900	50	721	2450	3121	
4901	51	722	2451	3122	
4902	51	722	2451	3122	
4903	52	723	2452	3123	
4904	52	723	2452	3123	
4905	53	724	2453	3124	
4906	53	724	2453	3124	
4907	54	725	2454	3125	
4908	54	725	2454	3125	
4909	55	726	2455	3126	
4910	55	726	2455	3126	
4911	56	727	2456	3127	
4912	56	727	2456	3127	
4913	57	728	2457	3128	
4914	57	728	2457	3128	
4915	58	729	2458	3129	
4916	58	729	2458	3129	
4917	59	730	2459	3130	
4918	59	730	2459	3130	
4919	60	731	2460	3131	
4920	60	731	2460	3131	
4921	61	732	2461	3132	
4922	61	732	2461	3132	
4923	62	733	2462	3133	
4924	62	733	2462	3133	
4925	63	734	2463	3134	
4926	63	734	2463	3134	
4927	64	735	2464	3135	
4928	64	735	2464	3135	
4929	65	736	2465	3136	
4930	65	736	2465	3136	
4931	66	737	2466	3137	
4932	66	737	2466	3137	
4933	67	738	2467	3138	
4934	67	738	2467	3138	
4935	68	739	2468	3139	
4936	68	739	2468	3139	
4937	69	740	2469	3140	
4938	69	740	2469	3140	
4939	70	741	2470	3141	
4940	70	741	2470	3141	
4941	71	742	2471	3142	
4942	71	742	2471	3142	
4943	72	743	2472	3143	
4944	72	743	2472	3143	
4945	73	744	2473	3144	
4946	73	744	2473	3144	
4947	74	745	2474	3145	
4948	74	745	2474	3145	
4949	75	746	2475	3146	
4950	75	746	2475	3146	
4951	76	747	2476	3147	
4952	76	747	2476	3147	
4953	77	748	2477	3148	
4954	77	748	2477	3148	
4955	78	749	2478	3149	
4956	78	749	2478	3149	
4957	79	750	2479	3150	
4958	79	750	2479	3150	
4959	80	751	2480	3151	
4960	80	751	2480	3151	
4961	81	752	2481	3152	
4962	81	752	2481	3152	
4963	82	753	2482	3153	
4964	82	753	2482	3153	
4965	83	754	2483	3154	
4966	83	754	2483	3154	
4967	84	755	2484	3155	
4968	84	755	2484	3155	
4969	85	756	2485	3156	
4970	85	756	2485	3156	
4971	86	757	2486	3157	
4972	86	757	2486	3157	
4973	87	758	2487	3158	
4974	87	758	2487	3158	
4975	88	759	2488	3159	
4976	88	759	2488	3159	
4977	89	760	2489	3160	
4978	89	760	2489	3160	
4979	90	761	2490	3161	
4980	90	761	2490	3161	
4981	91	762	2491	3162	
4982	91	762	2491	3162	
4983	92	763	2492	3163	
4984	92	763	2492	3163	
4985	93	764	2493	3164	
4986	93	764	2493	3164	
4987	94	765	2494	3165	
4988	94	765	2494	3165	
4989	95	766	2495	3166	
4990	95	766	2495	3166	
4991	96	767	2496	3167	
4992	96	767	2496	3167	
4993	97	768	2497	3168	
4994	97	768	2497	3168	
4995	98	769	2498	3169	
4996	98	769	2498	3169	
4997	99	770	2499	3170	
4998	99	770	2499	3170	
4999	100	771	2500	3171	
5000	100	771	2500	3171	
5001	101	772	2501	3172	
5002	101	772	2501	3172	
5003	102	773	2502	3173	
5004	102	773	2502	3173	
5005	103	774	2503	3174	
5006	103	774	2503	3174	
5007	104	775	2504	3175	
5008	104	775	2504	3175	
5009	105	776	2505	3176	
5010	105	776	2505	3176	
5011	106	777	2506	3177	
5012	106	777	2506	3177	
5013	107	778	2507	3178	
5014	107	778	2507	3178	
5015	108	779	2508	3179	
5016	108	779	2508	3179	
5017	109	780	2509	3180	
5018	109	780	2509	3180	
5019	110	781	2510	3181	
5020	110	781	2510	3181	
5021	111	782	2511	3182	
5022	111	782	2511	3182	
5023	112	783	2512	3183	
5024	112	783	2512	3183	
5025	113	784	2513	3184	
5026	113	784	2513	3184	
5027	114	785	2514	3185	
5028	114	785	2514	3185	
5029	115	786	2515	3186	
5030	115	786	2515	3186	
5031	116	787	2516	3187	
5032	116	787	2516	3187	
5033	117	788	2517	3188	
5034	117	788	2517	3188	
5035	118	789	2518	3189	
5036	118	789	2518	3189	
5037	119	790	2519	3190	
5038	119	790	2519	3190	
5039	120	791	2520	3191	
5040	120	791	2520	3191	
5041	121	792	2521	3192	
5042	121	792	2521	3192	
5043	122	793	2522	3193	
5044	122	793	2522	3193	
5045	123	794	2523	3194	
5046	123	794	2523	3194	
5047	124	795	2524	3195	
5048	124	795	2524	3195	
5049	125	796	2525	3196	
5050	125	796	2525	3196	
5051	126	797	2526	3197	
5052	126	797	2526	3197	
5053	127	798	2527	3198	
5054	127	798	2527	3198	
5055	128	799	2528	3199	
5056	128	799	2528	3199	
5057	129	800	2529	3200	
5058	129	800	2529	3200	
5059	130	801	2530	3201	
5060	130	801	2530	3201	
5061	131	802	2531	3202	
5062	131	802	2531	3202	
5063	132	803	2532	3203	
5064	132	803	2532	3203	
5065	133	804	2533	3204	
5066	133	804	2533	3204	
5067	134	805	2534	3205	
5068	134	805	2534	3205	
5069	135	806	2535	3206	
5070	135	806	2535	3206	
5071	136	807	2536	3207	
5072	136	807	2536	3207	
5073	137	808	2537	3208	
5074	137	808	2537	3208	
5075	138	809	2538	3209	
5076	138	809	2538	3209	
5077	139	810	2539	3210	
5078	139	810	2539	3210	
5079	140	811	2540	3211	
5080	140	811	2540	3211	
5081	141	812	2541	3212	
5082	141	812	2541	3212	
5083	142	813	2542	3213	
5084	142	813	2542	3213	
5085	143	814	2543	3214	
5086	143	814	2543	3214	
5087	144	815	2544	3215	
5088	144	815	2544	3215	
5089	145	816	2545	3216	
5090	145	816	2545	3216	
5091	146	817	2546	3217	
5092	146	817	2546	3217	
5093	147	818	2547	3218	
5094	147	818	2547	3218	
5095	148	819	2548	3219	
5096	148	819	2548	3219	
5097	149	820	2549	3220	
5098	149	820	2549	3220	
5099	150	821	2550	3221	
5100	150	821	2550	3221	
5101	151	822	2551	3222	
5102	151	822	2551	3222	
5103	152	823	2552	3223	
5104	152	823	2552	3223	
5105	153	824	2553	3224	
5106	153	824	2553	3224	
5107	154	825	2554	3225	
5108	154	825	2554	3225	
5109	155	826	2555	3226	
5110	155	826	2555	3226	
5111	156	827	2556	3227	
5112	156	827	2556	3227	
5113	157	828	2557	3228	
5114	157	828	2557	3228	
5115	158	829	2558	3229	
5116	158	829	2558	3229	
5117	159	830	2559	3230	
5118	159	830	2559	3230	
5119	160	831	2560	3231	
5120	160	831	2560	3231	
5121	161	832	2561	3232	
5122	161	832	2561	3232	
5123	162	833	2562	3233	
5124	162	833	2562	3233	
5125	163	834	2563	3234	
5126	163	834	2563	3234	
5127	164	835	2564	3235	
5128	164	835	2564	3235	
5129	165	836	2565	3236	
5130	165	836	2565	3236	
5131	166	837	2566	3237	
5132	166	837	2566	3237	
5133	167	838	2567	3238	
5134	167	838	2567	3238	
5135	168	839	2568	3239	
5136	168	839	2568	3239	
5137	169	840	2569	3240	
5138	169	840	2569	3240	
5139	170	841	2570	3241	
5140	170	841	2570	3241	
5141	171	842	2571	3242	
5142	171	842	2571	3242	
5143	172	843	2572	3243	
5144	172	843	2572	3243	
5145	173	844	2573	3244	
5146	173	844	2573	3244	
5147	174	845	2574	3245	
5148	174	845	2574	3245	
5149	175	846	2575	3246	
5150	175	846	2575	3246	
5151	176	847	2576	3247	
5152	176	847	2576	3247	
5153	177	848	2577	3248	
5154	177	848	2577	3248	
5155	178	849	2578	3249	
5156	178	849	2578	3249	
5157	179	850	2579	3250	
5158	179	850	2579	3250	
5159	180	851	2580	3251	
5160	180	851	2580	3251	
5161	181	852	2581	3252	
5162	181	852	2581	3252	
5163	182	853	2582	3253	
5164	182	853	2582	3253	
5165	183	854	2583	3254	
5166	183	854	2583	3254	
5167	184	855	2584	3255	
5168	184	855	2584	3255	
5169	185	856	2585	3256	
5170	185	856	2585	3256	
5171	186	857	2586	3257	
5172	186	857	2586	3257	
5173	187	858	2587	3258	
5174	187	858	2587	3258	
5175	188	859	2588	3259	
5176	188	859	2588	3259	
5177	189	860	2589	3260	
5178	189	860	2589	3260	
5179	190	861	2590	3261	
5180	190	861	2590	3261	
5181	191	862	2591	3262	
5182	191	862	2591	3262	
5183	192	863	2592	3263	
5184	192	863	2592	3263	
5185	193	864	2593	3264	
5186	193	864	2593	3264	
5187	194	865	2594	3265	
5188	194	865	2594	3265	
5189	195	866	2595	3266	
5190	195	866	2595	3266	
5191	196	867	2596	3267	
5192	196	867	2596	3267	
5193	197	868	2597	3268	
5194	197	868	2597	3268	
5195	198	869	2598	3269	
5196	198	869	2598	3269	
5197	199	870	2599	3270	
5198	199	870	2599	3270	
5199	200	871	2600	3271	
5200	200	871	2600	3271	
5201	201	872	2601	3272	
5202	201	872	2601	3272	
5203	202	873	2602	3273	
5204	202	873	2602	3273	
5205	203	874	2603	3274	
5206	203	874	2603	3274	
5207	204	875	2604	3275	
5208	204	875	2604	3275	
5209	205	876	2605	3276	
5210	205	876	2605	3276	
5211	206	877	2606	3277	
5212	206	877	2606	3277	
5213	207	878	2607	3278	
5214	207	878	2607	3278	
5215	208	879	2608	3279	
5216	208	879	2608	3279	
5217	209	880	2609	3280	
5218	209	880	2609	3280	
5219	210	881	2610	3281	
5220	210	881	2610	3281	
5221	211	882	2611	3282	
5222	211	882	2611	3282	
5223	212	883	2612	3283	
5224	212	883	2612	3283	
5225	213	884	2613	3284	
5226	213	884	2613	3284	
5227	214	885	2614	3285	
5228	214	885	2614	3285	
5229	215	886	2615	3286	
5230	215	886	2615	3286	
5231	216	887	2616	3287	
5232	216	887	2616	3287	
5233	217	888	2617	3288	
5234	217	888	2617	3288	
5235	218	889	2618	3289	
5236	218	889	2618	3289	
5237	219	890	2619	3290	
5238	219	890	2619	3290	
5239	220	891	2620	3291	
5240	220	891	2620	3291	
5241	221	892	2621	3292	
5242	221	892	2621	3292	
5243	222	893	2622	3293	
5244	222	893	2622	3293	
5245	223	894	2623	3294	
5246	223	894	2623	3294	
5247	224	895	2624	3295	
5248	224	895	2624	3295	
5249	225	896	2625	3296	
5250	225	896	2625	3296	
5251	226	897	2626	3297	
5252	226	897	2626	3297	
5253	227	898	2627	3298	
5254	227	898	2627	3298	
5255	228	899	2628	3299	
5256	228	899	2628	3299	
5257	229	900	2629	3300	
5258	229	900	2629	3300	
5259	230	901	2630	3301	
5260	230	901	2630	3301	
5261	231	902	2631	3302	
5262	231	902	2631	3302	
5263	232	903	2632	3303	
5264	232	903	2632	3303	
5265	233	904	2633	3304	
5266	233	904	2633	3304	
5267	234	905	2634	3305	
5268	234	905	2634	3305	
5269	235	906	2635	3306	
5270	235	906	2635	3306	
5271	236	907	2636	3307	
5272	236	907	2636	3307	
5273	237	908	2637	3308	
5274	237	908	2637	3308	
5275	238	909	2638	3309	
5276	238	909	2638	3309	
5277	239	910	2639	3310	
5278	239	910	2639	3310	
5279	240	911	2640	3311	
5280	240	911	2640	3311	
5281	241	912	2641	3312	
5282	241	912	2641	3312	
5283	242	913	2642	3313	
5284	242	913	2642	3313	
5285	243	914	2643	3314	
5286	243	914	2643	3314	
5287	244	915	2644	3315	
5288	244	915	2644	3315	
5289	245	916	2645	3316	
5290	245	916	2645	3316	
5291	246	917	2646	3317	
5292	246	917	2646	3317	
5293	247	918	2647	3318	
5294	247	918	2647	3318	
5295	248	919	2648	3319	
5296	248	919	2648	3319	
5297	249	920	2649	3320	
5298	249	920	2649	3320	
5299	250	921	2650	3321	
5300	250	921	2650	3321	
5301	251	922	2651	3322	
5302	251	922	2651	3322	
5303	252	923	2652	3323	
5304	252	923	2652	3323	
5305	253	924	2653	3324	
5306	253	924	2653	3324	
5307	254	925	2654	3325	
5308	254	925	2654	3325	
5309	255	926	2655	3326	
5310	255	926	2655	3326	
5311	256	927	2656	3327	
5312	256	927	2656	3327	
5313	257	928	2657	3328	
5314	257	928	2657	3328	
5315	258	929	2658	3329	
5316	258	929	2658	3329	
5317	259	930	2659	3330	
5318	259	930	2659	3330	
5319	260	931	2660	3331	
5320	260	931	2660	3331	
5321	261	932	2661	3332	
5322	261	932	2661	3332	
5323	262	933	2662	3333	
5324	262	933	2662	3333	
5325	263	934	2663	3334	
5326	263	934	2663	3334	
5327	264	935	2664	3335	
5328	264	935	2664	3335	
5329	265	936	2665	3336	
5330	265	936	2665	3336	
5331	266	937	2666	3337	
5332	266	937	2666	3337	
5333	267	938	2667	3338	
5334	267	938	2667	3338	
5335	268	939	2668	3339	
5336	268	939	2668	3339	
5337	269	940	2669	3340	
5338	269	940	2669	3340	
5339	270	941	2670	3341	
5340	270	941	2670	3341	
5341	271	942	2671	3342	
5342	271	942	2671	3342	
5343	272	943	2672	3343	
5344	272	943	2672	3343	
5345	273	944	2673	3344	
5346	273	944	2673	3344	
5347	274	945	2674	3345	
5348	274	945	2674	3345	
5349	275	946	2675	3346	
5350	275	946	2675	3346	
5351	276	947	2676	3347	
5352	276	947	2676	3347	
5353	277	948	2677	3348	
5354	277	948	2677	3348	
5355	278	949	2678	3349	
5356	278	949	2678	3349	
5357	279	950	2679	3350	
5358	279	950	2679	3350	
5359	280	951	2680	3351	
5360	280	951	2680	3351	
5361	281	952	2681	3352	
5362	281	952	2681	3352	
5363	282	953	2682	3353	
5364	282	953	2682	3353	
5365	283	954	2683	3354	
5366	283	954	2683	3354	
5367	284	955	2684	3355	
5368	284	955	2684	3355	
5369	285	956	2685	3356	
5370	285	956	2685	3356	
5371	286	957	2686	3357	
5372	286	957	2686	3357	
5373	287	958	2687	3358	
5374	287	958	2687	3358	
5375	288	959	2688	3359	
5376	288	959	2688	3359	
5377	289	960	2689	3360	
5378	289	960	2689	3360	
5379	290	961	2690	3361	
5380	290	961	2690	3361	
5381	291	962	2691	3362	
5382	291	962	2691	3362	
5383	292	963	2692	3363	
5384	292	963	2692	3363	
5385	293	964	2693	3364	
5386	293	964	2693	3364	
5387	294	965	2694	3365	
5388	294	965	2694	3365	
5389	295	966	2695	3366	
5390	295	966	2695	3366	
5391	296	967	2696	3367	
5392	296	967	2696	3367	
5393	297	968	2697	3368	
5394	297	968	2697	3368	
5395	298	969	2698	3369	
5396	298	969	2698	3369	
5397	299	970	2699	3370	
5398	299	970	2699	3370	
5399	300	971	2700	3371	
5400	300	971	2700	3371	
5401	301	972	2701	3372	
5402	301	972	2701	3372	
5403	302	973	2702	3373	
5404	302	973	2702	3373	
5405	303	974	2703	3374	
5406	303	974	2703	3374	
5407	304	975	2704	3375	
5408	304	975	2704	3375	
5409	305	976	2705	3376	
5410	305	976	2705	3376	
5411	306	977	2706	3377	
5412	306	977	2706	3377	
5413	307	978	2707	3378	
5414	307	978	2707	3378	
5415	308	979	2708	3379	
5416	308	979	2708	3379	
5417	309	980	2709	3380	
5418	309	980	2709	3380	
5419	310	981	2710	3381	
5420	310	981	2710	3381	
5421	311	982	2711	3382	
5422	311	982	2711	3382	
5423	312	983	2712	3383	
5424	312	983	2712	3383	
5425	313	984	2713	3384	
5426	313	984	2713	3384	
5427	314	985	2714	3385	
5428	314	985	2714	3385	
5429	315	986	2715	3386	
5430	315	986	2715	3386	
5431	316	987	2716	3387	
5432	316	987	2716	3387	
5433	317	988	2717	3388	
5434	317	988	2717	3388	
5435	318	989	2718	3389	
5436	318	989	2718	3389	
5437	319	990	2719	3390	
5438	319	990	2719	3390	
5439	320	991	2720	3391	
5440	320	991	2720	3391	
5441	321	992	2721	3392	
5442	321	992	2721	3392	
5443	322	993	2722	3393	
5444	322	993	2722	3393	
5445	323	994	2723	3394	
5446	323	994	2723	3394	
5447	324	995	2724	3395	
5448	324	995	2724	3395	
5449	325	996	2725	3396	
5450	325	996	2725	3396	
5451	326	997	2726	3397	
5452	326	997	2726	3397	
5453	327	998	2727	3398	
5454	327	998	2727	3398	
5455	328	999	2728	3399	
5456	328	999	2728	3399	
5457	329	1000	2729	3400	
5458	329	1000	2729	3400	
5459	330	1001	2730	3401	
5460	330	1001	2730	3401	
5461	331	1002	2731	3402	
5462	331	1002	2731	3402	
5463	332	1003	2732	3403	
5464	332	1003	2732	3403	
5465	333	1004	2733	3404	
5466	333	1004	2733	3404	
5467	334	1005	2734	3405	
5468	334	1005	2734	3405	
5469	335	1006	2735	3406	
5470	335	1006	2735	3406	
5471	336	1007	2736	3407	
5472	336	1007	2736	3407	
5473	337	1008	2737	3408	
5474	337	1008	2737	3408	
5475	338	1009	2738	3409	
5476	338	1009	2738	3409	
5477	339	1010	2739	3410	
5478	339	1010	2739	3410	
5479	340	1011	2740	3411	
5480	340	1011	2740	3411	
5481	341	1012	2741	3412	
5482	341	1012	2741	3412	
5483	342	1013	2742	3413	
5484	342	1013	2742	3413	
5485	343	1014	2743	3414	
5486	343	1014	2743	3414	
5487	344	1015	2744	3415	
5488	344	1015	2744	3415	
5489	345	1016	2745	3416	
5490	345	1016	2745	3416	
5491	346	1017	2746	3417	
5492	346	1017	2746	3417	
5493	347	1018	2747	3418	
5494	347	1018	2747	3418	
5495	348	1019	2748	3419	
5496	348	1019	2748	3419	
5497	349	1020	2749	3420	
5498	349	1020	2749	3420	
5499	350	1021	2750	3421	
5500	350	1021	2750	3421	
5501	351	1022	2751	3422	
5502	351	1022	2751	3422	
5503	352	1023	2752	3423	
5504	352	1023	2752	3423	
5505	353	1024	2753	3424	
5506	353	1024	2753	3424	
5507	354	1025	2754	3425	
5508	354	1025	2754	3425	
5509	355	1026	2755	3426	
5510	355	1026	2755	3426	
5511	356	1027	2756	3427	
5512	356	1027	2756	3427	
5513	357	1028	2757	3428	
5514	357	1028	2757	3428	
5515	358	1029	2758	3429	
5516	358	1029	2758	3429	
5517	359	1030	2759	3430	
5518	359	1030	2759	3430	
5519	360	1031	2760	3431	
5520	360	1031	2760	3431	
5521	361	1032	2761	3432	
5522	361	1032	2761	3432	
5523	362	1033	2762	3433	
5524	362	1033	2762	3433	
5525	363	1034	2763	3434	
5526	363	1034	2763	3434	
5527	364	1035	2764	3435	
5528	364	1035	2764	3435	
5529	365	1036	2765	3436	
5530	365	1036	2765	3436	
5531	366	1037	2766	3437	
5532	366	1037	2766	3437	
5533	367	1038	2767	3438	
5534	367	1038	2767	3438	
5535	368	1039	2768	3439	
5536	368	1039	2768	3439	
5537	369	1040	2769	3440	
5538	369	1040	2769	3440	
5539	370	1041	2770	3441	
5540	370	1041	2770	3441	
5541	371	1042	2771	3442	
5542	371	1042	2771	3442	
5543	372	1043	2772	3443	
5544	372	1043	2772	3443	
5545	373	1044	2773	3444	
5546	373	1044	2773	3444	
5547	374	1045	2774	3445	
5548	374	1045	2774	3445	
5549	375	1046	2775	3446	
5550	375	1046	2775	3446	
5551	376	1047	2776	3447	
5552	376	1047	2776	3447	
5553	377	1048	2777	3448	
5554	377	1048	2777	3448	
5555	378	1049	2778	3449	
5556	378	1049	2778	3449	
5557	379	1050	2779	3450	
5558	379	1050	2779	3450	
5559	380	1051	2780	3451	
5560	380	1051	2780	3451	
5561	381	1052	2781	3452	
5562	381	1052	2781	3452	
5563	382	1053	2782	3453	
5564	382	1053	2782	3453	
5565	383	1054	2783	3454	
5566	383	1054	2783	3454	
5567	384	1055	2784	3455	
5568	384	1055	2784	3455	
5569	385	1056	2785	3456	
5570	385	1056	2785	3456	
5571	386	1057	2786	3457	
5572	386	1057	2786	3457	
5573	387	1058	2787	3458	
5574	387	1058	2787	3458	
5575	388	1059	2788	3459	
5576	388	1059	2788	3459	
5577	389	1060	2789	3460	
5578	389	1060	2789	3460	
5579	390	1061	2790	3461	
5580	390	1061	2790	3461	
5581	391	1062	2791	3462	
5582	391	1062	2791	3462	
5583	392	1063	2792	3463	
5584	392	1063	2792	3463	
5585	393	1064	2793	3464	
5586	393	1064	2793	3464	
5587	394	1065	2794	3465	
5588	394	1065	2794	3465	
5589	395	1066	2795	3466	
5590	395	1066	2795	3466	
5591	396	1067	2796	3467	
5592	396	1067	2796	3467	
5593	397	1068	2797	3468	
5594	397	1068	2797	3468	
5595	398	1069	2798	3469	
5596	398	1069	2798	3469	
5597	399	1070	2799	3470	
5598	399	1070	2799	3470	
5599	400	1071	2800	3471	
5600	400	1071	2800	3471	
5601	401	1072	2801	3472	
5602	401	1072	2801	3472	
5603	402	1073	2802	3473	
5604	402	1073	2802	3473	
5605	403	1074	2803	3474	
5606	403	1074	2803	3474	
5607	404	1075	2804	3475	
5608	404	1075	2804	3475	
5609	405	1076	2805	3476	
5610	405	1076	2805	3476	
5611	406	1077	2806	3477	
5612	406	1077	2806	3477	
5613	407	1078	2807	3478	
5614	407	1078	2807	3478	
5615	408	1079	2808	3479	
5616	408	1079	2808	3479	
5617	409	1080	2809	3480	
5618	409	1080	2809	3480	
5619	410	1081	2810	3481	
5620	410	1081	2810	3481	
5621	411	1082	2811	3482	
5622	411	1082	2811	3482	
5623	412	1083	2812	3483	
5624	412	1083	2812	3483	
5625	413	1084	2813	3484	
5626	413	1084	2813	3484	
5627	414	1085	2814	3485	
5628	414	1085	2814	3485	
5629	415	1086	2815	3486	
5630	415	1086	2815	3486	
5631	416	1087	2816	3487	
5632	416	1087	2816	3487	
5633	417	1088	2817	3488	
5634	417	1088	2817	3488	
5635	418	1089	2818	3489	
5636	418	1089	2818	3489	
5637	419	1090	2819	3490	
5638	419	1090	2819	3490	
5639	420	1091	2820	3491	
5640	420	1091	2820	3491	
5641	421	1092	2821	3492	
5642	421	1092	2821	3492	
5643	422	1093	2822	3493	
5644	422	1093	2822	3493	
5645	423	1094	2823	3494	
5646	423	1094	2823	3494	
5647	424	1095	2824	3495	
5648	424	1095	2824	3495	
5649	425	1096	2825	3496	
5650	425	1096	2825	3496	
5651	426	1097	2826	3497	
5652	426	1097	2826	3497	
5653	427	1098	2827	3498	
5654	427	1098	2827	3498	
5655	428	1099	2828	3499	
5656	428	1099	2828	3499	
5657	429	1100	2829	3500	
5658	429	1100	2829	3500	
5659	430	1101	2830	3501	
5660	430	1101	2830	3501	
5661	431	1102	2831	3502	
5662	431	1102	2831	3502	
5663	432	1103	2832	3503	
5664	432	1103	2832	3503	
5665	433	1104	2833	3504	
5666	433	1104	2833	3504	
5667	434	1105	2834	3505	
5668	434	1105	2834	3505	
5669	435	1106	2835	3506	
5670	435	1106	2835	3506	
5671	436	1107	2836	3507	
5672	436	1107	2836	3507	
5673	437	1108	2837	3508	
5674	437	1108	2837	3508	
5675	438	1109	2838	3509	
5676	438	1109	2838	3509	
5677	439	1110	2839	3510	
5678	439	1110	2839	3510	
5679	440	1111	2840	3511	
5680	440	1111	2840	3511	
5681	441	1112	2841	3512	
5682	441	1112	2841	3512	
5683	442	1113	2842	3513	
5684	442	1113	2842	3513	
5685	443	1114	2843	3514	
5686	443	1114	2843	3514	
5687	444	1115	2844	3515	
5688	444	1115	2844	3515	
5689	445	1116	2845	3516	
5690	445	1116	2845	3516	
5691	446	1117	2846	3517	
5692	446	1117	2846	3517	
5693	447	1118	2847	3518	
5694	447	1118	2847	3518	
5695	448	1119	2848	3519	
5696	448	1119	2848	3519	
5697	449	1120	2849	3520	
5698	449	1120	2849	3520	
5699	450	1121	2850	3521	
5700	450	1121	2850	3521	
5701	451	1122	2851	3522	
5702	451	1122	2851	3522	
5703	452	1123	2852	3523	
5704	452	1123	2852	3523	
5705	453	1124	2853	3524	
5706	453	1124	2853	3524	
5707	454	1125	2854	3525	
5708	454	1125	2854	3525	
5709	455	1126	2855	3526	
5710	455	1126	2855	3526	
5711	456	1127	2856	3527	
5712	456	1127	2856	3527	
5713	457	1128	2857	3528	
5714	457	1128	2857	3528	
5715	458	1129	2858	3529	
5716	458	1129	2858	3529	
5717	459	1130	2859	3530	
5718	459	1130	2859	3530	
5719	460	1131	2860	3531	
5720	460	1131	2860	3531	
5721	461	1132	2861	3532	
5722	461	1132	2861	3532	
5723	462	1133	2862	3533	
5724	462	1133	2862	3533	
5725	463	1134	2863	3534	
5726	463	1134	2863	3534	
5727	464	1135	2864	3535	
5728	464	1135	2864	3535	
5729	465	1136	2865	3536	
5730	465	1136	2865	3536	
5731	466	1137	2866	3537	
5732	466	1137	2866	3537	
5733	467	1138	2867	3538	
5734	467	1138	2867	3538	
5735	468	1139	2868	3539	
5736	468	1139	2868	3539	
5737	469	1140	2869	3540	
5738	469	1140	2869	3540	
5739	470	1141	2870	3541	
5740	470	1141	2870	3541	
5741	471	1142	2871	3542	
5742	471	1142	2871	3542	
5743	472	1143	2872	3543	
5744	472	1143	2872	3543	
5745	473	1144	2873	3544	
5746	473	1144	2873	3544	
5747	474	1145	2874	3545	
5748	474	1145	2874	3545	
5749	475	1146	2875	3546	
5750	475	1146	2875	3546	
5751	476	1147	2876	3547	
5752	476	1147	2876	3547	
5753	477	1148	2877	3548	
5754	477	1148	2877	3548	
5755	478	1149	2878	3549	
5756	478	1149	2878	3549	
5757	479	1150	2879	3550	
5758	479	1150	2879	3550	
5759	480	1151	2880	3551	
5760	480	1151	2880	3551	
5761	481	1152	2881	3552	
5762	481	1152	2881	3552	
5763	482	1153	2882	3553	
5764	482	1153	2882	3553	
5765	483	1154	2883	3554	
5766	483	1154	2883	3554	
5767	484	1155	2884	3555	
5768	484	1155	2884	3555	
5769	485	1156	2885	3556	
5770	485	1156	2885	3556	
5771	486	1157	2886	3557	
5772	486	1157	2886	3557	
5773	487	1158	2887	3558	
5774	487	1158	2887	3558	
5775	488	1159	2888	3559	
5776	488	1159	2888	3559	
5777	489	1160	2889	3560	
5778	489	1160	2889	3560	
5779	490	1161	2890	3561	
5780	490	1161	2890	3561	
5781	491	1162	2891	3562	
5782	491	1162	2891	3562	
5783	492	1163	2892	3563	
5784	492	1163	2892	3563	
5785	493	1164	2893	3564	
5786	493	1164	2893	3564	
5787	494	1165	2894	3565	
5788	494	1165	2894	3565	
5789	495	1166	2895	3566	
5790	495	1166	2895	3566	
5791	496	1167	2896	3567	
5792	496	1167	2896	3567	
5793	497	1168	2897	3568	
5794	497	1168	2897	3568	
5795	498	1169	2898	3569	
5796	498	1169	2898	3569	
5797	499	1170	2899	3570	
5798	499	1170	2899	3570	
5799	500	1171	2900	3571	
5800	500	1171	2900	3571	
5801	501	1172	2901	3572	
5802	501	1172	2901	3572	
5803	502	1173	2902	3573	
5804	502	1173	2902	3573	
5805	503	1174	2903	3574	
5806	503	1174	2903	3574	
5807	504	1175	2904	3575	
5808	504	1175	2904	3575	
5809	505	1176	2905	3576	
5810	505	1176	2905	3576	
5811	506	1177	2906	3577	
5812	506	1177	2906	3577	
5813	507	1178	2907	3578	
5814	507	1178	2907	3578	
5815	508	1179	2908	3579	
5816	508	1179	2908	3579	
5817	509	1180	2909	3580	
5818	509	1180	2909	3580	
5819	510	1181	2910	3581	
5820	510	1181	2910	3581	
5821	511	1182	2911	3582	
5822	511	1182	2911	3582	
5823	512	1183	2912	3583	
5824	512	1183	2912	3583	
5825	513	1184	2913	3584	
5826	513	1184	2913	3584	
5827	514	1185	2914	3585	
5828	514	1185	2914	3585	
5829	515	1186	2915	3586	
5830	515	1186	2915	3586	
5831	516	1187	2916	3587	
5832	516	1187	2916	3587	
5833	517	1188	2917	3588	
5834	517	1188	2917	3588	
5835	518	1189	2918	3589	
5836	518	1189	2918	3589	
5837	519	1190	2919	3590	
5838	519	1190	2919	3590	
5839	520	1191	2920	3591	
5840	520	1191	2920	3591	
5841	521	1192	2921	3592	
5842	521	1192	2921	3592	
5843	522	1193	2922	3593	
5844	522	1193	2922	3593	
5845	523	1194	2923	3594	
5846	523	1194	2923	3594	
5847	524	1195	2924	3595	
5848	524	1195	2924	3595	
5849	525	1196	2925	3596	
5850	525	1196	2925	3596	
5851	526	1197	2926	3597	
5852	526	1197	2926	3597	
5853	527	1198	2927	3598	
5854	527	1198	2927	3598	
5855	528	1199	2928	3599	
5856	528	1199	2928	3599	
5857	529	1200	2929	3600	
5858	529	1200	2929	3600	
5859	530	1201	2930	3601	
5860	530	1201	2930	3601	
5861	531	1202	2931	3602	
5862	531	1202	2931	3602	
5863	532	1203	2932	3603	
5864	532	1203	2932	3603	
5865	533	1204	2933	3604	
5866	533	1204	2933	3604	
5867	534	1205	2934	3605	
5868	534	1205	2934	3605	
5869	535	1206	2935	3606	
5870	535	1206	2935	3606	
5871	536	1207	2936	3607	
5872	536	1207	2936	3607	
5873	537	1208	2937	3608	
5874	537	1208	2937	3608	
5875	538	1209	2938	3609	
5876	538	1209	2938	3609	
5877	539	1210	2939	3610	
5878	539	1210	2939	3610	
5879	540	1211	2940	3611	
5880	540	1211	2940	3611	
5881	541	1212	2941	3612	
5882	541	1212	2941	3612	
5883	542	1213	2942	3613	
5884	542	1213	2942	3613	
5885	543	1214	2943	3614	
5886	543	1214	2943	3614	
5887	544	1215	2944	3615	
5888	544	1215	2944	3615	
5889	545	1216	2945	3616	
5890	545	1216	2945	3616	
5891	546	1217	2946	3617	
5892	546	1217	2946	3617	
5893	547	1218	2947	3618	
5894	547	1218	2947	3618	
5895	548	1219	2948	3619	
5896	548	1219	2948	3619	
5897	549	1220	2949	3620	
5898	549	1220	2949	3620	
5899	550	1221	2950	3621	
5900	550	1221	2950	3621	
5901	551	1222	2951	3622	
5902	551	1222	2951	3622	
5903	552	1223	2952	3623	
5904	552	1223	2952	3623	
5905	553	1224	2953	3624	
5906	553	1224	2953	3624	
5907	554	1225	2954	3625	
5908	554	1225	2954	3625	
5909	555	1226	2955	3626	
5910	555	1226	2955	3626	
5911	556	1227	2956	3627	
5912	556	1227	2956	3627	
5913	557	1228	2957	3628	
5914	557	1228	2957	3628	
5915	558	1229	2958	3629	
5916	558	1229	2958	3629	
5917	559	1230	2959	3630	
5918	559	1230	2959	3630	
5919	560	1231	2960	3631	
5920	560	1231	2960	3631	
5921	561	1232	2961	3632	
5922	561	1232	2961	3632	
5923	562	1233	2962	3633	
5924	562	1233	2962	3633	
5925	563	1234	2963	3634	
5926	563	1234	2963	3634	
5927	564	1235	2964	3635	
5928	564	1235	2964	3635	
5929	565	1236	2965	3636	
5930	565	1236	2965	3636	
5931	566	1237	2966	3637	
5932	566	1237	2966	3637	
5933	567	1238	2967	3638	
5934	567	1238	2967	3638	
5935	568	1239	2968	3639	
5936	568	1239	2968	3639	
5937	569	1240	2969	3640	
5938	569	1240	2969	3640	
5939	570	1241	2970	3641	
5940	570	1241	2970	3641	
5941	571	1242	2971	3642	
5942	571	1242	2971	3642	
5943	572	1243	2972	3643	
5944	572	1243	2972	3643	
5945	573	1244	2973	3644	
5946	573	1244	2973	3644	
5947	574	1245	2974	3645	
5948	574	1245	2974	3645	
5949	575	1246	2975	3646	
5950	575	1246	2975	3646	
5951	576	1247	2976	3647	
5952	576	1247	2976	3647	
5953	577	1248	2977	3648	
5954	577	1248	2977	3648	
5955	578	1249	2978	3649	
5956	578	1249	2978	3649	
5957	579	1250	2979	3650	
5958	579	1250	2979	3650	
5959	580	1251	2980	3651	
5960	580	1251	2980	3651	
5961	581	1252	2981	3652	
5962	581	1252	2981	3652	
5963	582	1253	2982	3653	
5964	582	1253	2982	3653	
5965	583	1254	2983	3654	
5966	583	1254	2983	3654	
5967	584	1255	2984	3655	
5968	584	1255	2984	3655	
5969	585	1256	2985	3656	
5970	585	1256	2985	3656	
5971	586	1257	2986	3657	
5972	586	1257	2986	3657	
5973	587	1258	2987	3658	
5974	587	1258	2987	3658	
5975	588	1259	2988	3659	
5976	588	1259	2988	3659	
5977	589	1260	2989	3660	
5978	589	1260	2989	3660	
5979	590	1261	2990	3661	
5980	590	1261	2990	3661	
5981	591	1262	2991	3662	
5982	591	1262	2991	3662	
5983	592	1263	2992	3663	
5984	592	1263	2992	3663	
5985	593	1264	2993	3664	
5986	593	1264	2993	3664	
5987	594	1265	2994	3665	
5988	594	1265	2994	3665	
5989	595	1266	2995	3666	
5990	595	1266	2995	3666	
5991	596	1267	2996	3667	
5992	596	1267	2996	3667	
5993	597	1268	2997	3668	
5994	597	1268	2997	3668	
5995	598	1269	2998	3669	
5996	598	1269	2998	3669	
5997	599	1270	2999	3670	
5998	599	1270	2999	3670	
5999	600	1271	3000	3671	
6000	600	1271	3000	3671	
6001	601	1272	3001	3672	
6002	601	1272	3001	3672	
6003	602	1273	3002	3673	
6004	602	1273	3002	3673	
6005	603	1274	3003	3674	
6006	603	1274	3003	3674	
6007	604	1275	3004	3675	
6008	604	1275	3004	3675	
6009	605	1276	3005	3676	
6010	605	1276	3005	3676	
6011	606	1277	3006	3677	
6012	606	1277	3006	3677	
6013	607	1278	3007	3678	
6014	607	1278	3007	3678	
6015	608	1279	3008	3679	
6016	608	1279	3008	3679	
6017	609	1280	3009	3680	
6018	609	1280	3009	3680	
6019	610	1281	3010	3681	
6020	610	1281	3010	3681	
6021	611	1282	3011	3682	
6022	611	1282	3011	3682	
6023	612	1283	3012	3683	
6024	612	1283	3012	3683	
6025	613	1284	3013	3684	
6026	613	1284	3013	3684	
6027	614	1285	3014	3685	
6028	614	1285	3014	3685	
6029	615	1286	3015	3686	
6030	615	1286	3015	3686	
6031	616	1287	3016	3687	
6032	616	1287	3016	3687	
6033	617	1288	3017	3688	
6034	617	1288	3017	3688	
6035	618	1289	3018	3689	
6036	618	1289	3018	3689	
6037	619	1290	3019	3690	
6038	619	1290	3019	3690	
6039	620	1291	3020	3691	
6040	620	1291	3020	3691	
6041	621	1292	3021	3692	
6042	621	1292	3021	3692	
6043	622	1293	3022	3693	
6044	622	1293	3022	3693	
6045	623	1294	3023	3694	
6046	623	1294	3023	3694	
6047	624	1295	3024	3695	
6048	624	1295	3024	3695	
6049	625	1296	3025	3696	
6050	625	1296	3025	3696	
6051	626	1297	3026	3697	
6052	626	1297	3026	3697	
6053	627	1298	3027	3698	
6054	627	1298	3027	3698	
6055	628	1299	3028	3699	
6056	628	1299	3028	3699	
6057	629	1300	3029	3700	
6058	629	1300	3029	3700	
6059	630	1301	3030	3701	
6060	630	1301	3030	3701	
6061	631	1302	3031	3702	
6062	631	1302	3031	3702	
6063	632	1303	3032	3703	
6064	632	1303	3032	3703	
6065	633	1304	3033	3704	
6066	633	1304	3033	3704	
6067	634	1305	3034	3705	
6068	634	1305	3034	3705	
6069	635	1306	3035	3706	
6070	635	1306	3035	3706	
6071	636	1307	3036	3707	
6072	636	1307	3036	3707	
6073	637	1308	3037	3708	
6074	637	1308	3037	3708	
6075	638	1309	3038	3709	
6076	638	1309	3038	3709	
6077	639	1310	3039	3710	
6078	639	1310	3039	3710	
6079	640	1311	3040	3711	
6080	640	1311	3040	3711	
6081	641	1312	3041	3712	
6082	641	1312	3041	3712	
6083	642	1313	3042	3713	
6084	642	1313	3042	3713	
6085	643	1314	3043	3714	
6086	643	1314	3043	3714	
6087	644	1315	3044	3715	
6088	644	1315	3044	3715	
6089	645	1316	3045	3716	
6090	645	1316	3045	3716	
6091	646	1317	3046	3717	
6092	646	1317	3046	3717	
6093	647	1318	3047	3718	
6094	647	1318	3047	3718	
6095	648	1319	3048	3719	
6096	648	1319	3048	3719	
6097	649	1320	3049	3720	
6098	649	1320	3049	3720	
6099	650	1321	3050	3721	
6100	650	1321	3050	3721	
6101	651	1322	3051	3722	
6102	651	1322	3051	3722	
6103	652	1323	3052	3723	
6104	652	1323	3052	3723	
6105	653	1324	3053	3724	
6106	653	1324	3053	3724	
6107	654	1325	3054	3725	
6108	654	1325	3054	3725	
6109	655	1326	3055	3726	
6110	655	1326	3055	3726	
6111	656	1327	3056	3727	
6112	656	1327	3056	3727	
6113	657	1328	3057	3728	
6114	657	1328	3057	3728	
6115	658	1329	3058	3729	
6116	658	1329	3058	3729	
6117	659	1330	3059	3730	
6118	659	1330	3059	3730	
6119	660	1331	3060	3731	
6120	660	1331	3060	3731	
6121	661	1332	3061	3732	
6122	661	1332	3061	3732	
6123	662	1333	3062	3733	
6124	662	1333	3062	3733	
6125	663	1334	3063	3734	
6126	663	1334	3063	3734	
6127	664	1335	3064	3735	
6128	664	1335	3064	3735	
6129	665	1336	3065	3736	
6130	665	1336	3065	3736	
6131	666	1337	3066	3737	
6132	666	1337	3066	3737	
6133	667	1338	3067	3738	
6134	667	1338	3067	3738	
6135	668	1339	3068	3739	
6136	668	1339	3068	3739	
6137	669	1340	3069	3740	
6138	669	1340	3069	3740	
6139	670	1341	3070	3741	
6140	670	1341	3070	3741	
6141	671	1342	3071	3742	
6142	671	1342	3071	3742	
6143	672	1343	3072	3743	
6144	672	1343	3072	3743	
6145	673	1344	3073	3744	
6146	673	1344	3073	3744	
6147	674	1345	3074	3745	
6148	674	1345	3074	3745	
6149	675	1346	3075	3746	
6150	675	1346	3075	3746	
6151	676	1347	3076	3747	
6152	676	1347	3076	3747	
6153	677	1348	3077	3748	
6154	677	1348	3077	3748	
6155	678	1349	3078	3749	
6156	678	1349	3078	3749	
6157	679	1350	3079	3750	
6158	679	1350	3079	3750	
6159	680	1351	3080	3751	
6160	680	1351	3080	3751	
6161	681	1352	3081	3752	
6162	681	1352	3081	3752	
6163	682	1353	3082	3753	
6164	682	1353	3082	3753	
6165	683	1354	3083	3754	
6166	683	1354	3083	3754	
6167	684	1355	3084	3755	
6168	684	1355	3084	3755	
6169	685	1356	3085	3756	
6170	685	1356	3085	3756	
6171	686	1357	3086	3757	
6172	686	1357	3086	3757	
6173	687	1358	3087	3758	
6174	687	1358	3087	3758	
6175	688	1359	3088	3759	
6176	688	1359	3088	3759	
6177	689	1360	3089	3760	
6178	689	1360	3089	3760	
6179	690	1361	3090	3761	
6180	690	1361	3090	3761	
6181	691	1362	3091	3762	
6182	691	1362	3091	3762	
6183	692	1363	3092	3763	
6184	692	1363	3092	3763	
6185	693	1364	3093	3764	
6186	693	1364	3093	3764	
6187	694	1365	3094	3765	
6188	694	1365	3094	3765	
6189	695	1366	3095	3766	
6190	695	1366	3095	3766	
6191	696	1367	3096	3767	
6192	696	1367	3096	3767	
6193	697	1368	3097	3768	
6194	697	1368	3097	3768	
6195	698	1369	3098	3769	
6196	698	1369	3098	3769	
6197	699	1370	3099	3770	
6198	699	1370	3099	3770	
6199	700	1371	3100	3771	
6200	700	1371	3100	3771	
6201	701	1372	3101	3772	
6202	701	1372	3101	3772	
6203	702	1373	3102	3773	
6204	702	1373	3102	3773	
6205	703	1374	3103	3774	
6206	703	1374	3103	3774	
6207	704	1375	3104	3775	
6208	704	1375	3104	3775	
6209	705	1376	3105	3776	
6210	705	1376	3105	3776	
6211	706	1377	3106	3777	
6212	706	1377	3106	3777	
6213	707	1378	3107	3778	
6214	707	1378	3107	3778	
6215	708	1379	3108	3779	
6216	708	1379	3108	3779	
6217	709	1380	3109	3780	
6218	709	1380	3109	3780	
6219	710	1381	3110	3781	
6220	710	1381	3110	3781	
6221	711	1382	3111	3782	
6222	711	1382	3111	3782	
6223	712	1383	3112	3783	
6224	712	1383	3112	3783	
6225	713	1384	3113	3784	
6226	713	1384	3113	3784	
6227	714	1385	3114	3785	
6228	714	1385	3114	3785	
6229	715	1386	3115	3786	
6230	715	1386	3115	3786	
6231	716	1387	3116	3787	
6232	716	1387	3116	3787	
6233	717	1388	3117	3788	
6234	717	1388	3117	3788	
6235	718	1389	3118	3789	
6236	718	1389	3118	3789	
6237	719	1390	3119	3790	
6238	719	1390	3119	3790	
6239	720	1391	3120	3791	
6240	720	1391	3120	3791	
6241	721	1392	3121	3792	
6242	721	1392	3121	3792	
6243	722	1393	3122	3793	
6244	722	1393	3122	3793	
6245	723	1394	3123	3794	
6246	723	1394	3123	3794	
6247	724	1395	3124	3795	
6248	724	1395	3124	3795	
6249	725	1396	3125	3796	
6250	725	1396	3125	3796	
6251	726	1397	3126	3797	
6252	726	1397	3126	3797	
6253	727	1398	3127	3798	
6254	727	1398	3127	3798	
6255	728	1399	3128	3799	
6256	728	1399	3128	3799	
6257	729	1400	3129	3800	
6258	729	1400	3129	3800	
6259	730	1401	3130	3801	
6260	730	1401	3130	3801	
6261	731	1402	3131	3802	
6262	731	1402	3131	3802	
6263	732	1403	3132	3803	
6264	732	1403	3132	3803	
6265	733	1404	3133	3804	
6266	733	1404	3133	3804	
6267	734	1405	3134	3805	
6268	734	1405	3134	3805	
6269	735	1406	3135	3806	
6270	735	1406	3135	3806	
6271	736	1407	3136	3807	
6272	736	1407	3136	3807	
6273	737	1408	3137	3808	
6274	737	1408	3137	3808	
6275	738	1409	3138	3809	
6276	738	1409	3138	3809	
6277	739	1410	3139	3810	
6278	739	1410	3139	3810	
6279	740	1411	3140	3811	
6280	740	1411	3140	3811	
6281	741	1412	3141	3812	
6282	741	1412	3141	3812	
6283	742	1413	3142	3813	
6284	742	1413	3142	3813	
6285	743	1414	3143	3814	
6286	743	1414	3143	3814	
6287	744	1415	3144	3815	
6288	744	1415	3144	3815	
6289	745	1416	3145	3816	
6290	745	1416	3145	3816	
6291	746	1417	3146	3817	
6292	746	1417	3146	3817	
6293	747	1418	3147	3818	
6294	747	1418	3147	3818	
6295	748	1419	3148	3819	
6296	748	1419	3148	3819	
6297	749	1420	3149	3820	
6298	749	1420	3149	3820	
6299	750	1421	3150	3821	
6300	750	1421	3150	3821	
6301	751	1422	3151	3822	
6302	751	1422	3151	3822	
6303	752	1423	3152	3823	
6304	752	1423	3152	3823	
6305	753	1424	3153	3824	
6306	753	1424	3153	3824	
6307	754	1425	3154	3825	
6308	754	1425	3154	3825	
6309	755	1426	3155	3826	
6310	755	1426	3155	3826	
6311	756	1427	3156	3827	
6312	756	1427	3156	3827	
6313	757	1428	3157	3828	
6314	757	1428	3157	3828	
6315	758	1429	3158	3829	
6316	758	1429	3158	3829	
6317	759	1430	3159	3830	
6318	759	1430	3159	3830	
6319	760	1431	3160	3831	
6320	760	1431	3160	3831	
6321	761	1432	3161	3832	
6322	761	1432	3161	3832	
6323	762	1433	3162	3833	
6324	762	1433	3162	3833	
6325	763	1434	3163	3834	
6326	763	1434	3163	3834	
6327	764	1435	3164	3835	
6328	764	1435	3164	3835	
6329	765	1436	3165	3836	
6330	765	1436	3165	3836	
6331	766	1437	3166	3837	
6332	766	1437	3166	3837	
6333	767	1438	3167	3838	
6334	767	1438	3167	3838	
6335	768	1439	3168	3839	
6336	768	1439	3168	3839	
6337	769	1440	3169	3840	
6338	769	1440	3169	3840	
6339	770	1441	3170	3841	
6340	770	1441	3170	3841	
6341	771	1442	3171	3842	
6342	771	1442	3171	3842	
6343	772	1443	3172	3843	
6344	772	1443	3172	3843	
6345	773	1444	3173	3844	
6346	773	1444	3173	3844	
6347	774	1445	3174	3845	
6348	774	1445	3174	3845	
6349	775	1446	3175	3846	
6350	775	1446	3175	3846	
6351	776	1447	3176	3847	
6352	776	1447	3176	3847	
6353	777	1448	3177	3848	
6354	777	1448	3177	3848	
6355	778	1449	3178	3849	
6356	778	1449	3178	3849	
6357	779	1450	3179	3850	
6358	779	1450	3179	3850	
6359	780	1451	3180	3851	
6360	780	1451	3180	3851	
6361	781	1452	3181	3852	
6362	781	1452	3181	3852	
6363	782	1453	3182	3853	
6364	782	1453	3182	3853	
6365	783	1454	3183	3854	
6366	783	1454	3183	3854	
6367	784	1455	3184	3855	
6368	784	1455	3184	3855	
6369	785	1456	3185	3856	
6370	785	1456	3185	3856	
6371	786	1457	3186	3857	
6372	786	1457	3186	3857	
6373	787	1458	3187	3858	
6374	787	1458	3187	3858	
6375	788	1459	3188	3859	
6376	788	1459	3188	3859	
6377	789	1460	3189	3860	
6378	789	1460	3189	3860	
6379	790	1461	3190	3861	
6380	790	1461	3190	3861	
6381	791	1462	3191	3862	
6382	791	1462	3191	3862	
6383	792	1463	3192	3863	
6384	792	1463	3192	3863	
6385	793	1464	3193	3864	
6386	793	1464	3193	3864	
6387	794	1465	3194	3865	
6388	794	1465	3194	3865	
6389	795	1466	3195	3866	
6390	795	1466	3195	3866	
6391	796	1467	3196	3867	
6392	796	1467	3196	3867	
6393	797	1468	3197	3868	
6394	797	1468	3197	3868	
6395	798	1469	3198	3869	
6396	798	1469	3198	3869	
6397	799	1470	3199	3870	
6398	799	1470	3199	3870	
6399	800	1471	3200	3871	
6400	800	1471	3200	3871	
6401	801	1472	3201	3872	
6402	801	1472	3201	3872	
6403	802	1473	3202	3873	
6404	802	1473	3202	3873	
6405	803	1474	3203	3874	
6406	803	1474	3203	3874	
6407	804	1475	3204	3875	
6408	804	1475	3204	3875	
6409	805	1476	3205	3876	
6410	805	1476	3205	3876	
6411	806	1477	3206	3877	
6412	806	1477	3206	3877	
6413	807	1478	3207	3878	
6414	807	1478	3207	3878	
6415	808	1479	3208	3879	
6416	808	1479	3208	3879	
6417	809	1480	3209	3880	
6418	809	1480	3209	3880	
6419	810	1481	3210	3881	
6420	810	1481	3210	3881	
6421	811	1482	3211	3882	
6422	811	1482	3211	3882	
6423	812	1483	3212	3883	
6424	812	1483	3212	3883	
6425	813	1484	3213	3884	
6426	813	1484	3213	3884	
6427	814	1485	3214	3885	
6428	814	1485	3214	3885	
6429	815	1486	3215	3886	
6430	815	1486	3215	3886	
6431	816	1487	3216	3887	
6432	816	1487	3216	3887	
6433	817	1488	3217	3888	
6434	817	1488	3217	3888	
6435	818	1489	3218	3889	
6436	818	1489	3218	3889	
6437	819	1490	3219	3890	
6438	819	1490	3219	3890	
6439	820	1491	3220	3891	
6440	820	1491	3220	3891	
6441	821	1492	3221	3892	
6442	821	1492	3221	3892	
6443	822	1493	3222	3893	
6444	822	1493	3222	3893	
6445	823	1494	3223	3894	
6446	823	1494	3223	3894	
6447	824	1495	3224	3895	
6448	824	1495	3224	3895	
6449	825	1496	3225	3896	
6450	825	1496	3225	3896	
6451	826	1497	3226	3897	
6452	826	1497	3226	3897	
6453	827	1498	3227	3898	
6454	827	1498	3227	3898	
6455	828	1499	3228	3899	
6456	828	1499	3228	3899	
6457	829	1500	3229	3900	
6458	829	1500	3229	3900	
6459	830	1501	3230	3901	
6460	830	1501	3230	3901	
6461	831	1502	3231	3902	
6462	831	1502	3231	3902	
6463	832	1503	3232	3903	
6464	832	1503	3232	3903	
6465	833	1504	3233	3904	
6466	833	1504	3233	3904	
6467	834	1505	3234	3905	
6468	834	1505	3234	3905	
6469	835	1506	3235	3906	
6470	835	1506	3235	3906	
6471	836	1507	3236	3907	
6472	836	1507	3236	3907	
6473	837	1508	3237	3908	
6474	837	1508	3237	3908	
6475	838	1509	3238	3909	
6476	838	1509	3238	3909	
6477	839	1510	3239	3910	
6478	839	1510	3239	3910	
6479	840	1511	3240	3911	
6480	840	1511	3240	3911	
6481	841	1512	3241	3912	
6482	841	1512	3241	3912	
6483	842	1513	3242	3913	
6484	842	1513	3242	3913	
6485	843	1514	3243	3914	
6486	843	1514	3243	3914	
6487	844	1515	3244	3915	
6488	844	1515	3244	3915	
6489	845	1516	3245	3916	
6490	845	1516	3245	3916	
6491	846	1517	3246	3917	
6492	846	1517	3246	3917	
6493	847	1518	3247	3918	
6494	847	1518	3247	3918	
6495	848	1519	3248	3919	
6496	848	1519	3248	3919	
6497	849	1520	3249	3920	
6498	849	1520	3249	3920	
6499	850	1521	3250	3921	
6500	850	1521	3250	3921	
6501	851	1522	3251	3922	
6502	851	1522	3251	3922	
6503	852	1523	3252	3923	
6504	852	1523	3252	3923	
6505	853	1524	3253	3924	
6506	853	1524	3253	3924	
6507	854	1525	3254	3925	
6508	854	1525	3254	3925	
6509	855	1526	3255	3926	
6510	855	1526	3255	3926	
6511	856	1527	3256	3927	
6512	856	1527	3256	3927	
6513	857	1528	3257	3928	
6514	857	1528	3257	3928	
6515	858	1529	3258	3929	
6516	858	1529	3258	3929	
6517	859	1530	3259	3930	
6518	859	1530	3259	3930	
6519	860	1531	3260	3931	
6520	860	1531	3260	3931	
6521	861	1532	3261	3932	
6522	861	1532	3261	3932	
6523	862	1533	3262	3933	
6524	862	1533	3262	3933	
6525	863	1534	3263	3934	
6526	863	1534	3263	3934	
6527	864	1535	3264	3935	
6528	864	1535	3264	3935	
6529	865	1536	3265	3936	
6530	865	1536	3265	3936	
6531	866	1537	3266	3937	
6532	866	1537	3266	3937	
6533	867	1538	3267	3938	
6534	867	1538	3267	3938	
6535	868	1539	3268	3939	
6536	868	1539	3268	3939	
6537	869	1540	3269	3940	
6538	869	1540	3269	3940	
6539	870	1541	3270	3941	
6540	870	1541	3270	3941	
6541	871	1542	3271	3942	
6542	871	1542	3271	3942	
6543	872	1543	3272	3943	
6544	872	1543	3272	3943	
6545	873	1544	3273	3944	
6546	873	1544	3273	3944	
6547	874	1545	3274	3945	
6548	874	1545	3274	3945	
6549	875	1546	3275	3946	
6550	875	1546	3275	3946	
6551	876	1547	3276	3947	
6552	876	1547	3276	3947	
6553	877	1548	3277	3948	
6554	877	1548	3277	3948	
6555	878	1549	3278	3949	
6556	878	1549	3278	3949	
6557	879	1550	3279	3950	
6558	879	1550	3279	3950	
6559	880	1551	3280	3951	
6560	880	1551	3280	3951	
6561	881	1552	3281	3952	
6562	881	1552	3281	3952	
6563	882	1553	3282	3953	
6564	882	1553	3282	3953	
6565	883	1554	3283	3954	
6566	883	1554	3283	3954	
6567	884	1555	3284	3955	
6568	884	1555	3284	3955	
6569	885	1556	3285	3956	
6570	885	1556	3285	3956	
6571	886	1557	3286	3957	
6572	886	1557	3286	3957	
6573	887	1558	3287	3958	
6574	887	1558	3287	3958	
6575	888	1559	3288	3959	
6576	888	1559	3288	3959	
6577	889	1560	3289	3960	
6578	889	1560	3289	3960	
6579	890	1561	3290	3961	
6580	890	1561	3290	3961	
6581	891	1562	3291	3962	
6582	891	1562	3291	3962	
6583	892	1563	3292	3963	
6584	892	1563	3292	3963	
6585	893	1564	3293	3964	
6586	893	1564	3293	3964	
6587	894	1565	3294	3965	
6588	894	1565	3294	3965	
6589	895	1566	3295	3966	
6590	895	1566	3295	3966	
6591	896	1567	3296	3967	
6592	896	1567	3296	3967	
6593	897	1568	3297	3968	
6594	897	1568	3297	3968	
6595	898	1569	3298	3969	
6596	898	1569	3298	3969	
6597	899	1570	3299	3970	
6598	899	1570	3299	3970	
6599	900	1571	3300	3971	
6600	900	1571	3300	3971	
6601	901	1572	3301	3972	
6602	901	1572	3301	3972	
6603	902	1573	3302	3973	
6604	902	1573	3302	3973	
6605	903	1574	3303	3974	
6606	903	1574	3303	3974	
6607	904	1575	3304	3975	
6608	904	1575	3304	3975	
6609	905	1576	3305	3976	
6610	905	1576	3305	3976	
6611	906	1577	3306	3977	
6612	906	1577	3306	3977	
6613	907	1578	3307	3978	
6614	907	1578	3307	3978	
6615	908	1579	3308	3979	
6616	908	1579	3308	3979	
6617	909	1580	3309	3980	
6618	909	1580	3309	3980	
6619	910	1581	3310	3981	
6620	910	1581	3310	3981	
6621	911	1582	3311	3982	
6622	911	1582	3311	3982	
6623	912	1583	3312	3983	
6624	912	1583	3312	3983	
6625	913	1584	3313	3984	
6626	913	1584	3313	3984	
6627	914	1585	3314	3985	
6628	914	1585	3314	3985	
6629	915	1586	3315	3986	
6630	915	1586	3315	3986	
6631	916	1587	3316	3987	
6632	916	1587	3316	3987	
6633	917	1588	3317	3988	
6634	917	1588	3317	3988	
6635	918	1589	3318	3989	
6636	918	1589	3318	3989	
6637	919	1590	3319	3990	
6638	919	1590	3319	3990	
6639	920	1591	3320	3991	
6640	920	1591	3320	3991	
6641	921	1592	3321	3992	
6642	921	1592	3321	3992	
6643	922	1593	3322	3993	
6644	922	1593	3322	3993	
6645	923	1594	3323	3994	
6646	923	1594	3323	3994	
6647	924	1595	3324	3995	
6648	924	1595	3324	3995	
6649	925	1596	3325	3996	
6650	925	1596	3325	3996	
6651	926	1597	3326	3997	
6652	926	1597	3326	3997	
6653	927	1598	3327	3998	
6654	927	1598	3327	3998	
6655	928	1599	3328	3999	
6656	928	1599	3328	3999	
6657	929	1600	3329	4000	
6658	929	1600	3329	4000	
6659	930	1601	3330	4001	
6660	930	1601	3330	4001	
6661	931	1602	3331	4002	
6662	931	1602	3331	4002	
6663	932	1603	3332	4003	
6664	932	1603	3332	4003	
6665	933	1604	3333	4004	
6666	933	1604	3333	4004	
6667	934	1605	3334	4005	
6668	934	1605	3334	4005	
6669	935	1606	3335	4006	
6670	935	1606	3335	4006	
6671	936	1607	3336	4007	
6672	936	1607	3336	4007	
6673	937	1608	3337	4008	
6674	937	1608	3337	4008	
6675	938	1609	3338	4009	
6676	938	1609	3338	4009	
6677	939	1610	3339	4010	
6678	939	1610	3339	4010	
6679	940	1611	3340	4011	
6680	940	1611	3340	4011	
6681	941	1612	3341	4012	
6682	941	1612	3341	4012	
6683	942	1613	3342	4013	
6684	942	1613	3342	4013	
6685	943	1614	3343	4014	
6686	943	1614	3343	4014	
6687	944	1615	3344	4015	
6688	944	1615	3344	4015	
6689	945	1616	3345	4016	
6690	945	1616	3345	4016	
6691	946	1617	3346	4017	
6692	946	1617	3346	4017	
6693	947	1618	3347	4018	
6694	947	1618	3347	4018	
6695	948	1619	3348	4019	
6696	948	1619	3348	4019	
6697	949	1620	3349	4020	
6698	949	1620	3349	4020	
6699	950	1621	3350	4021	
6700	950	1621	3350	4021	
6701	951	1622	3351	4022	
6702	951	1622	3351	4022	
6703	952	1623	3352	4023	
6704	952	1623	3352	4023	
6705	953	1624	3353	4024	
6706	953	1624	3353	4024	
6707	954	1625	3354	4025	
6708	954	1625	3354	4025	
6709	955	1626	3355	4026	
6710	955	1626	3355	4026	
6711	956	1627	3356	4027	
6712	956	1627	3356	4027	
6713	957	1628	3357	4028	
6714	957	1628	3357	4028	
6715	958	1629	3358	4029	
6716	958	1629	3358	4029	
6717	959	1630	3359	4030	
6718	959	1630	3359	4030	
6719	960	1631	3360	4031	
6720	960	1631	3360	4031	
6721	961	1632	3361	4032	
6722	961	1632	3361	4032	
6723	962	1633	3362	4033	
6724	962	1633	3362	4033	
6725	963	1634	3363	4034	
6726	963	1634	3363	4034	
6727	964	1635	3364	4035	
6728	964	1635	3364	4035	
6729	965	1636	3365	4036	
6730	965	1636	3365	4036	
6731	966	1637	3366	4037	
6732	966	1637	3366	4037	
6733	967	1638	3367	4038	
6734	967	1638	3367	4038	
6735	968	1639	3368	4039	
6736	968	1639	3368	4039	
6737	969	1640	3369	4040	
6738	969	1640	3369	4040	
6739	970	1641	3370	4041	
6740	970	1641	3370	4041	
6741	971	1642	3371	4042	
6742	971	1642	3371	4042	
6743	972	1643	3372	4043	
6744	972	1643	3372	4043	
6745	973	1644	3373	4044	
6746	973	1644	3373	4044	
6747	974	1645	3374	4045	
6748	974	1645	3374	4045	
6749	975	1646	3375	4046	
6750	975	1646	3375	4046	
6751	976	1647	3376	4047	
6752	976	1647	3376	4047	
6753	977	1648	3377	4048	
6754	977	1648	3377	4048	
6755	978	1649	3378	4049	
6756	978	1649	3378	4049	
6757	979	1650	3379	4050	
6758	979	1650	3379	4050	
6759	980	1651	3380	4051	
6760	980	1651	3380	4051	
6761	981	1652	3381	4052	
6762	981	1652	3381	4052	
6763	982	1653	3382	4053	
6764	982	1653	3382	4053	
6765	983	1654	3383	4054	
6766	983	1654	3383	4054	
6767	984	1655	3384	4055	
6768	984	1655	3384	4055	
6769	985	1656	3385	4056	
6770	985	1656	3385	4056	
6771	986	1657	3386	4057	
6772	986	1657	3386	4057	
6773	987	1658	3387	4058	
6774	987	1658	3387	4058	
6775	988	1659	3388	4059	
6776	988	1659	3388	4059	
6777	989	1660	3389	4060	
6778	989	1660	3389	4060	
6779	990	1661	3390	4061	
6780	990	1661	3390	4061	
6781	991	1662	3391	4062	
6782	991	1662	3391	4062	
6783	992	1663	3392	4063	
6784	992	1663	3392	4063	
6785	993	1664	3393	4064	
6786	993	1664	3393	4064	
6787	994	1665	3394	4065	
6788	994	1665	3394	4065	
6789	995	1666	3395	4066	
6790	995	1666	3395	4066	
6791	996	1667	3396	4067	
6792	996	1667	3396	4067	
6793	997	1668	3397	4068	
6794	997	1668	3397	4068	
6795	998	1669	3398	4069	
6796	998	1669	3398	4069	
6797	999	1670	3399	4070	
6798	999	1670	3399	4070	
6799	1000	1671	3400	4071	
6800	1000	1671	3400	4071	
6801	1001	1672	3401	4072	
6802	1001	1672	3401	4072	
6803	1002	1673	3402	4073	
6804	1002	1673	3402	4073	
6805	1003	1674	3403	4074	
6806	1003	1674	3403	4074	
6807	1004	1675	3404	4075	
6808	1004	1675	3404	4075	
6809	1005	1676	3405	4076	
6810	1005	1676	3405	4076	
6811	1006	1677	3406	4077	
6812	1006	1677	3406	4077	
6813	1007	1678	3407	4078	
6814	1007	1678	3407	4078	
6815	1008	1679	3408	4079	
6816	1008	1679	3408	4079	
6817	1009	1680	3409	4080	
6818	1009	1680	3409	4080	
6819	1010	1681	3410	4081	
6820	1010	1681	3410	4081	
6821	1011	1682	3411	4082	
6822	1011	1682	3411	4082	
6823	1012	1683	3412	4083	
6824	1012	1683	3412	4083	
6825	1013	1684	3413	4084	
6826	1013	1684	3413	4084	
6827	1014	1685	3414	4085	
6828	1014	1685	3414	4085	
6829	1015	1686	3415	4086	
6830	1015	1686	3415	4086	
6831	1016	1687	3416	4087	
6832	1016	1687	3416	4087	
6833	1017	1688	3417	4088	
6834	1017	1688	3417	4088	
6835	1018	1689	3418	4089	
6836	1018	1689	3418	4089	
6837	1019	1690	3419	4090	
6838	1019	1690	3419	4090	
6839	1020	1691	3420	4091	
6840	1020	1691	3420	4091	
6841	1021	1692	3421	4092	
6842	1021	1692	3421	4092	
6843	1022	1693	3422	4093	
6844	1022	1693	3422	4093	
6845	1023	1694	3423	4094	
6846	1023	1694	3423	4094	
6847	1024	1695	3424	4095	
6848	1024	1695	3424	4095	
6849	1025	1696	3425	4096	
6850	1025	1696	3425	4096	
6851	1026	1697	3426	4097	
6852	1026	1697	3426	4097	
6853	1027	1698	3427	4098	
6854	1027	1698	3427	4098	
6855	1028	1699	3428	4099	
6856	1028	1699	3428	4099	
6857	1029	1700	3429	4100	
6858	1029	1700	3429	4100	
6859	1030	1701	3430	4101	
6860	1030	1701	3430	4101	
6861	1031	1702	3431	4102	
6862	1031	1702	3431	4102	
6863	1032	1703	3432	4103	
6864	1032	1703	3432	4103	
6865	1033	1704	3433	4104	
6866	1033	1704	3433	4104	
6867	1034	1705	3434	4105	
6868	1034	1705	3434	4105	
6869	1035	1706	3435	4106	
6870	1035	1706	3435	4106	
6871	1036	1707	3436	4107	
6872	1036	1707	3436	4107	
6873	1037	1708	3437	4108	
6874	1037	1708	3437	4108	
6875	1038	1709	3438	4109	
6876	1038	1709	3438	4109	
6877	1039	1710	3439	4110	
6878	1039	1710	3439	4110	
6879	1040	1711	3440	4111	
6880	1040	1711	3440	4111	
6881	1041	1712	3441	4112	
6882	1041	1712	3441	4112	
6883	1042	1713	3442	4113	
6884	1042	1713	3442	4113	
6885	1043	1714	3443	4114	
6886	1043	1714	3443	4114	
6887	1044	1715	3444	4115	
6888	1044	1715	3444	4115	
6889	1045	1716	3445	4116	
6890	1045	1716	3445	4116	
6891	1046	1717	3446	4117	
6892	1046	1717	3446	4117	
6893	1047	1718	3447	4118	
6894	1047	1718	3447	4118	
6895	1048	1719	3448	4119	
6896	1048	1719	3448	4119	
6897	1049	1720	3449	4120	
6898	1049	1720	3449	4120	
6899	1050	1721	3450	4121	
6900	1050	1721	3450	4121	
6901	1051	1722	3451	4122	
6902	1051	1722	3451	4122	
6903	1052	1723	3452	4123	
6904	1052	1723	3452	4123	
6905	1053	1724	3453	4124	
6906	1053	1724	3453	4124	
6907	1054	1725	3454	4125	
6908	1054	1725	3454	4125	
6909	1055	1726	3455	4126	
6910	1055	1726	3455	4126	
6911	1056	1727	3456	4127	
6912	1056	1727	3456	4127	
6913	1057	1728	3457	4128	
6914	1057	1728	3457	4128	
6915	1058	1729	3458	4129	
6916	1058	1729	3458	4129	
6917	1059	1730	3459	4130	
6918	1059	1730	3459	4130	
6919	1060	1731	3460	4131	
6920	1060	1731	3460	4131	
6921	1061	1732	3461	4132	
6922	1061	1732	3461	4132	
6923	1062	1733	3462	4133	
6924	1062	1733	3462	4133	
6925	1063	1734	3463	4134	
6926	1063	1734	3463	4134	
6927	1064	1735	3464	4135	
6928	1064	1735	3464	4135	
6929	1065	1736	3465	4136	
6930	1065	1736	3465	4136	
6931	1066	1737	3466	4137	
6932	1066	1737	3466	4137	
6933	1067	1738	3467	4138	
6934	1067	1738	3467	4138	
6935	1068	1739	3468	4139	
6936	1068	1739	3468	4139	
6937	1069	1740	3469	4140	
6938	1069	1740	3469	4140	
6939	1070	1741	3470	4141	
6940	1070	1741	3470	4141	
6941	1071	1742	3471	4142	
6942	1071	1742	3471	4142	
6943	1072	1743	3472	4143	
6944	1072	1743	3472	4143	
6945	1073	1744	3473	4144	
6946	1073	1744	3473	4144	
6947	1074	1745	3474	4145	
6948	1074	1745	3474	4145	
6949	1075	1746	3475	4146	
6950	1075	1746	3475	4146	
6951	1076	1747	3476	4147	
6952	1076	1747	3476	4147	
6953	1077	1748	3477	4148	
6954	1077	1748	3477	4148	
6955	1078	1749	3478	4149	
6956	1078	1749	3478	4149	
6957	1079	1750	3479	4150	
6958	1079	1750	3479	4150	
6959	1080	1751	3480	4151	
6960	1080	1751	3480	4151	
6961	1081	1752	3481	4152	
6962	1081	1752	3481	4152	
6963	1082	1753	3482	4153	
6964	1082	1753	3482	4153	
6965	1083	1754	3483	4154	
6966	1083	1754	3483	4154	
6967	1084	1755	3484	4155	
6968	1084	1755	3484	4155	
6969	1085	1756	3485	4156	
6970	1085	1756	3485	4156	
6971	1086	1757	3486	4157	
6972	1086	1757	3486	4157	
6973	1087	1758	3487	4158	
6974	1087	1758	3487	4158	
6975	1088	1759	3488	4159	
6976	1088	1759	3488	4159	
6977	1089	1760	3489	4160	
6978	1089	1760	3489	4160	
6979	1090	1761	3490	4161	
6980	1090	1761	3490	4161	
6981	1091	1762	3491	4162	
6982	1091	1762	3491	4162	
6983	1092	1763	3492	4163	
6984	1092	1763	3492	4163	
6985	1093	1764	3493	4164	
6986	1093	1764	3493	4164	
6987	1094	1765	3494	4165	
6988	1094	1765	3494	4165	
6989	1095	1766	3495	4166	
6990	1095	1766	3495	4166	
6991	1096	1767	3496	4167	
6992	1096	1767	3496	4167	
6993	1097	1768	3497	4168	
6994	1097	1768	3497	4168	
6995	1098	1769	3498	4169	
6996	1098	1769	3498	4169	
6997	1099	1770	3499	4170	
6998	1099	1770	3499	4170	
6999	1100	1771	3500	4171	
7000	1100	1771	3500	4171	
7001	1101	1772	3501	4172	
7002	1101	1772	3501	4172	
7003	1102	1773	3502	4173	
7004	1102	1773	3502	4173	
7005	1103	1774	3503	4174	
7006	1103	1774	3503	4174	
7007	1104	1775	3504	4175	
7008	1104	1775	3504	4175	
7009	1105	1776	3505	4176	
7010	1105	1776	3505	4176	
7011	1106	1777	3506	4177	
7012	1106	1777	3506	4177	
7013	1107	1778	3507	4178	
7014	1107	1778	3507	4178	
7015	1108	1779	3508	4179	
7016	1108	1779	3508	4179	
7017	1109	1780	3509	4180	
7018	1109	1780	3509	4180	
7019	1110	1781	3510	4181	
7020	1110	1781	3510	4181	
7021	1111	1782	3511	4182	
7022	1111	1782	3511	4182	
7023	1112	1783	3512	4183	
7024	1112	1783	3512	4183	
7025	1113	1784	3513	4184	
7026	1113	1784	3513	4184	
7027	1114	1785	3514	4185	
7028	1114	1785	3514	4185	
7029	1115	1786	3515	4186	
7030	1115	1786	3515	4186	
7031	1116	1787	3516	4187	
7032	1116	1787	3516	4187	
7033	1117	1788	3517	4188	
7034	1117	1788	3517	4188	
7035	1118	1789	3518	4189	
7036	1118	1789	3518	4189	
7037	1119	1790	3519	4190	
7038	1119	1790	3519	4190	
7039	1120	1791	3520	4191	
7040	1120	1791	3520	4191	
7041	1121	1792	3521	4192	
7042	1121	1792	3521	4192	
7043	1122	1793	3522	4193	
7044	1122	1793	3522	4193	
7045	1123	1794	3523	4194	
7046	1123	1794	3523	4194	
7047	1124	1795	3524	4195	
7048	1124	1795	3524	4195	
7049	1125	1796	3525	4196	
7050	1125	1796	3525	4196	
7051	1126	1797	3526	4197	
7052	1126	1797	3526	4197	
7053	1127	1798	3527	4198	
7054	1127	1798	3527	4198	
7055	1128	1799	3528	4199	
7056	1128	1799	3528	4199	
7057	1129	1800	3529	4200	
7058	1129	1800	3529	4200	
7059	1130	1801	3530	4201	
7060	1130	1801	3530	4201	
7061	1131	1802	3531	4202	
7062	1131	1802	3531	4202	
7063	1132	1803	3532	4203	
7064	1132	1803	3532	4203	
7065	1133	1804	3533	4204	
7066	1133	1804	3533	4204	
7067	1134	1805	3534	4205	
7068	1134	1805	3534	4205	
7069	1135	1806	3535	4206	
7070	1135	1806	3535	4206	
7071	1136	1807	3536	4207	
7072	1136	1807	3536	4207	
7073	1137	1808	3537	4208	
7074	1137	1808	3537	4208	
7075	1138	1809	3538	4209	
7076	1138	1809	3538	4209	
7077	1139	1810	3539	4210	
7078	1139	1810	3539	4210	
7079	1140	1811	3540	4211	
7080	1140	1811	3540	4211	
7081	1141	1812	3541	4212	
7082	1141	1812	3541	4212	
7083	1142	1813	3542	4213	
7084	1142	1813	3542	4213	
7085	1143	1814	3543	4214	
7086	1143	1814	3543	4214	
7087	1144	1815	3544	4215	
7088	1144	1815	3544	4215	
7089	1145	1816	3545	4216	
7090	1145	1816	3545	4216	
7091	1146	1817	3546	4217	
7092	1146	1817	3546	4217	
7093	1147	1818	3547	4218	
7094	1147	1818	3547	4218	
7095	1148	1819	3548	4219	
7096	1148	1819	3548	4219	
7097	1149	1820	3549	4220	
7098	1149	1820	3549	4220	
7099	1150	1821	3550	4221	
7100	1150	1821	3550	4221	
7101	1151	1822	3551	4222	
7102	1151	1822	3551	4222	
7103	1152	1823	3552	4223	
7104	1152	1823	3552	4223	
7105	1153	1824	3553	4224	
7106	1153	1824	3553	4224	
7107	1154	1825	3554	4225	
7108	1154	1825	3554	4225	
7109	1155	1826	3555	4226	
7110	1155	1826	3555	4226	
7111	1156	1827	3556	4227	
7112	1156	1827	3556	4227	
7113	1157	1828	3557	4228	
7114	1157	1828	3557	4228	
7115	1158	1829	3558	4229	
7116	1158	1829	3558	4229	
7117	1159	1830	3559	4230	
7118	1159	1830	3559	4230	
7119	1160	1831	3560	4231	
7120	1160	1831	3560	4231	
7121	1161	1832	3561	4232	
7122	1161	1832	3561	4232	
7123	1162	1833	3562	4233	
7124	1162	1833	3562	4233	
7125	1163	1834	3563	4234	
7126	1163	1834	3563	4234	
7127	1164	1835	3564	4235	
7128	1164	1835	3564	4235	
7129	1165	1836	3565	4236	
7130	1165	1836	3565	4236	
7131	1166	1837	3566	4237	
7132	1166	1837	3566	4237	
7133	1167	1838	3567	4238	
7134	1167	1838	3567	4238	
7135	1168	1839	3568	4239	
7136	1168	1839	3568	4239	
7137	1169	1840	3569	4240	
7138	1169	1840	3569	4240	
7139	1170	1841	3570	4241	
7140	1170	1841	3570	4241	
7141	1171	1842	3571	4242	
7142	1171	1842	3571	4242	
7143	1172	1843	3572	4243	
7144	1172	1843	3572	4243	
7145	1173	1844	3573	4244	
7146	1173	1844	3573	4244	
7147	1174	1845	3574	4245	
7148	1174	1845	3574	4245	
7149	1175	1846	3575	4246	
7150	1175	1846	3575	4246	
7151	1176	1847	3576	4247	
7152	1176	1847	3576	4247	
7153	1177	1848	3577	4248	
7154	1177	1848	3577	4248	
7155	1178	1849	3578	4249	
7156	1178	1849	3578	4249	
7157	1179	1850	3579	4250	
7158	1179	1850	3579	4250	
7159	1180	1851	3580	4251	
7160	1180	1851	3580	4251	
7161	1181	1852	3581	4252	
7162	1181	1852	3581	4252	
7163	1182	1853	3582	4253	
7164	1182	1853	3582	4253	
7165	1183	1854	3583	4254	
7166	1183	1854	3583	4254	
7167	1184	1855	3584	4255	
7168	1184	1855	3584	4255	
7169	1185	1856	3585	4256	
7170	1185	1856	3585	4256	
7171	1186	1857	3586	4257	
7172	1186	1857	3586	4257	
7173	1187	1858	3587	4258	
7174	1187	1858	3587	4258	
7175	1188	1859	3588	4259	
7176	1188	1859	3588	4259	
7177	1189	1860	3589	4260	
7178	1189	1860	3589	4260	
7179	1190	1861	3590	4261	
7180	1190	1861	3590	4261	
7181	1191	1862	3591	4262	
7182	1191	1862	3591	4262	
7183	1192	1863	3592	4263	
7184	1192	1863	3592	4263	
7185	1193	1864	3593	4264	
7186	1193	1864	3593	4264	
7187	1194	1865	3594	4265	
7188	1194	1865	3594	4265	
7189	1195	1866	3595	4266	
7190	1195	1866	3595	4266	
7191	1196	1867	3596	4267	
7192	1196	1867	3596	4267	
7193	1197	1868	3597	4268	
7194	1197	1868	3597	4268	
7195	1198	1869	3598	4269	
7196	1198	1869	3598	4269	
7197	1199	1870	3599	4270	
7198	1199	1870	3599	4270	
7199	1200	1871	3600	4271	
7200	1200	1871	3600	4271	
7201	1201	1872	3601	4272	
7202	1201	1872	3601	4272	
7203	1202	1873	3602	4273	
7204	1202	1873	3602	4273	
7205	1203	1874	3603	4274	
7206	1203	1874	3603	4274	
7207	1204	1875	3604	4275	
7208	1204	1875	3604	4275	
7209	1205	1876	3605	4276	
7210	1205	1876	3605	4276	
7211	1206	1877	3606	4277	
7212	1206	1877	3606	4277	
7213	1207	1878	3607	4278	
7214	1207	1878	3607	4278	
7215	1208	1879	3608	4279	
7216	1208	1879	3608	4279	
7217	1209	1880	3609	4280	
7218	1209	1880	3609	4280	
7219	1210	1881	3610	4281	
7220	1210	1881	3610	4281	
7221	1211	1882	3611	4282	
7222	1211	1882	3611	4282	
7223	1212	1883	3612	4283	
7224	1212	1883	3612	4283	
7225	1213	1884	3613	4284	
7226	1213	1884	3613	4284	
7227	1214	1885	3614	4285	
7228	1214	1885	3614	4285	
7229	1215	1886	3615	4286	
7230	1215	1886	3615	4286	
7231	1216	1887	3616	4287	
7232	1216	1887	3616	4287	
7233	1217	1888	3617	4288	
7234	1217	1888	3617	4288	
7235	1218	1889	3618	4289	
7236	1218	1889	3618	4289	
7237	1219	1890	3619	4290	
7238	1219	1890	3619	4290	
7239	1220	1891	3620	4291	
7240	1220	1891	3620	4291	
7241	1221	1892	3621	4292	
7242	1221	1892	3621	4292	
7243	1222	1893	3622	4293	
7244	1222	1893	3622	4293	
7245	1223	1894	3623	4294	
7246	1223	1894	3623	4294	
7247	1224	1895	3624	4295	
7248	1224	1895	3624	4295	
7249	1225	1896	3625	4296	
7250	1225	1896	3625	4296	
7251	1226	1897	3626	4297	
7252	1226	1897	3626	4297	
7253	1227	1898	3627	4298	
7254	1227	1898	3627	4298	
7255	1228	1899	3628	4299	
7256	1228	1899	3628	4299	
7257	1229	1900	3629	4300	
7258	1229	1900	3629	4300	
7259	1230	1901	3630	4301	
7260	1230	1901	3630	4301	
7261	1231	1902	3631	4302	
7262	1231	1902	3631	4302	
7263	1232	1903	3632	4303	
7264	1232	1903	3632	4303	
7265	1233	1904	3633	4304	
7266	1233	1904	3633	4304	
7267	1234	1905	3634	4305	
7268	1234	1905	3634	4305	
7269	1235	1906	3635	4306	
7270	1235	1906	3635	4306	
7271	1236	1907	3636	4307	
7272	1236	1907	3636	4307	
7273	1237	1908	3637	4308	
7274	1237	1908	3637	4308	
7275	1238	1909	3638	4309	
7276	1238	1909	3638	4309	
7277	1239	1910	3639	4310	
7278	1239	1910	3639	4310	
7279	1240	1911	3640	4311	
7280	1240	1911	3640	4311	
7281	1241	1912	3641	4312	
7282	1241	1912	3641	4312	
7283	1242	1913	3642	4313	
7284	1242	1913	3642	4313	
7285	1243	1914	3643	4314	
7286	1243	1914	3643	4314	
7287	1244	1915	3644	4315	
7288	1244	1915	3644	4315	
7289	1245	1916	3645	4316	
7290	1245	1916	3645	4316	
7291	1246	1917	3646	4317	
7292	1246	1917	3646	4317	
7293	1247	1918	3647	4318	
7294	1247	1918	3647	4318	
7295	1248	1919	3648	4319	
7296	1248	1919	3648	4319	
7297	1249	1920	3649	4320	
7298	1249	1920	3649	4320	
7299	1250	1921	3650	4321	
7300	1250	1921	3650	4321	
7301	1251	1922	3651	4322	
7302	1251	1922	3651	4322	
7303	1252	1923	3652	4323	
7304	1252	1923	3652	4323	
7305	1253	1924	3653	4324	
7306	1253	1924	3653	4324	
7307	1254	1925	3654	4325	
7308	1254	1925	3654	4325	
7309	1255	1926	3655	4326	
7310	1255	1926	3655	4326	
7311	1256	1927	3656	4327	
7312	1256	1927	3656	4327	
7313	1257	1928	3657	4328	
7314	1257	1928	3657	4328	
7315	1258	1929	3658	4329	
7316	1258	1929	3658	4329	
7317	1259	1930	3659	4330	
7318	1259	1930	3659	4330	
7319	1260	1931	3660	4331	
7320	1260	1931	3660	4331	
7321	1261	1932	3661	4332	
7322	1261	1932	3661	4332	
7323	1262	1933	3662	4333	
7324	1262	1933	3662	4333	
7325	1263	1934	3663	4334	
7326	1263	1934	3663	4334	
7327	1264	1935	3664	4335	
7328	1264	1935	3664	4335	
7329	1265	1936	3665	4336	
7330	1265	1936	3665	4336	
7331	1266	1937	3666	4337	
7332	1266	1937	3666	4337	
7333	1267	1938	3667	4338	
7334	1267	1938	3667	4338	
7335	1268	1939	3668	4339	
7336	1268	1939	3668	4339	
7337	1269	1940	3669	4340	
7338	1269	1940	3669	4340	
7339	1270	1941	3670	4341	
7340	1270	1941	3670	4341	
7341	1271	1942	3671	4342	
7342	1271	1942	3671	4342	
7343	1272	1943	3672	4343	
7344	1272	1943	3672	4343	
7345	1273	1944	3673	4344	
7346	1273	1944	3673	4344	
7347	1274	1945	3674	4345	
7348	1274	1945	3674	4345	
7349	1275	1946	3675	4346	
7350	1275	1946	3675	4346	
7351	1276	1947	3676	4347	
7352	1276	1947	3676	4347	
7353	1277	1948	3677	4348	
7354	1277	1948	3677	4348	
7355	1278	1949	3678	4349	
7356	1278	1949	3678	4349	
7357	1279	1950	3679	4350	
7358	1279	1950	3679	4350	
7359	1280	1951	3680	4351	
7360	1280	1951	3680	4351	
7361	1281	1952	3681	4352	
7362	1281	1952	3681	4352	
7363	1282	1953	3682	4353	
7364	1282	1953	3682	4353	
7365	1283	1954	3683	4354	
7366	1283	1954	3683	4354	
7367	1284	1955	3684	4355	
7368	1284	1955	3684	4355	
7369	1285	1956	3685	4356	
7370	1285	1956	3685	4356	
7371	1286	1957	3686	4357	
7372	1286	1957	3686	4357	
7373	1287	1958	3687	4358	
7374	1287	1958	3687	4358	
7375	1288	1959	3688	4359	
7376	1288	1959	3688	4359	
7377	1289	1960	3689	4360	
7378	1289	1960	3689	4360	
7379	1290	1961	3690	4361	
7380	1290	1961	3690	4361	
7381	1291	1962	3691	4362	
7382	1291	1962	3691	4362	
7383	1292	1963	3692	4363	
7384	1292	1963	3692	4363	
7385	1293	1964	3693	4364	
7386	1293	1964	3693	4364	
7387	1294	1965	3694	4365	
7388	1294	1965	3694	4365	
7389	1295	1966	3695	4366	
7390	1295	1966	3695	4366	
7391	1296	1967	3696	4367	
7392	1296	1967	3696	4367	
7393	1297	1968	3697	4368	
7394	1297	1968	3697	4368	
7395	1298	1969	3698	4369	
7396	1298	1969	3698	4369	
7397	1299	1970	3699	4370	
7398	1299	1970	3699	4370	
7399	1300	1971	3700	4371	
7400	1300	1971	3700	4371	
7401	1301	1972	3701	4372	
7402	1301	1972	3701	4372	
7403	1302	1973	3702	4373	
7404	1302	1973	3702	4373	
7405	1303	1974	3703	4374	
7406	1303	1974	3703	4374	
7407	1304	1975	3704	4375	
7408	1304	1975	3704	4375	
7409	1305	1976	3705	4376	
7410	1305	1976	3705	4376	
7411	1306	1977	3706	4377	
7412	1306	1977	3706	4377	
7413	1307	1978	3707	4378	
7414	1307	1978	3707	4378	
7415	1308	1979	3708	4379	
7416	1308	1979	3708	4379	
7417	1309	1980	3709	4380	
7418	1309	1980	3709	4380	
7419	1310	1981	3710	4381	
7420	1310	1981	3710	4381	
7421	1311	1982	3711	4382	
7422	1311	1982	3711	4382	
7423	1312	1983	3712	4383	
7424	1312	1983	3712	4383	
7425	1313	1984	3713	4384	
7426	1313	1984	3713	4384	
7427	1314	1985	3714	4385	
7428	1314	1985	3714	4385	
7429	1315	1986	3715	4386	
7430	1315	1986	3715	4386	
7431	1316	1987	3716	4387	
7432	1316	1987	3716	4387	
7433	1317	1988	3717	4388	
7434	1317	1988	3717	4388	
7435	1318	1989	3718	4389	
7436	1318	1989	3718	4389	
7437	1319	1990	3719	4390	
7438	1319	1990	3719	4390	
7439	1320	1991	3720	4391	
7440	1320	1991	3720	4391	
7441	1321	1992	3721	4392	
7442	1321	1992	3721	4392	
7443	1322	1993	3722	4393	
7444	1322	1993	3722	4393	
7445	1323	1994	3723	4394	
7446	1323	1994	3723	4394	
7447	1324	1995	3724	4395	
7448	1324	1995	3724	4395	
7449	1325	1996	3725	4396	
7450	1325	1996	3725	4396	
7451	1326	1997	3726	4397	
7452	1326	1997	3726	4397	
7453	1327	1998	3727	4398	
7454	1327	1998	3727	4398	
7455	1328	1999	3728	4399	
7456	1328	1999	3728	4399	
7457	1329	2000	3729	4400	
7458	1329	2000	3729	4400	
7459	1330	2001	3730	4401	
7460	1330	2001	3730	4401	
7461	1331	2002	3731	4402	
7462	1331	2002	3731	4402	
7463	1332	2003	3732	4403	
7464	1332	2003	3732	4403	
7465	1333	2004	3733	4404	
7466	1333	2004	3733	4404	
7467	1334	2005	3734	4405	
7468	1334	2005	3734	4405	
7469	1335	2006	3735	4406	
7470	1335	2006	3735	4406	
7471	1336	2007	3736	4407	
7472	1336	2007	3736	4407	
7473	1337	2008	3737	4408	
7474	1337	2008	3737	4408	
7475	1338	2009	3738	4409	
7476	1338	2009	3738	4409	
7477	1339	2010	3739	4410	
7478	1339	2010	3739	4410	
7479	1340	2011	3740	4411	
7480	1340	2011	3740	4411	
7481	1341	2012	3741	4412	
7482	1341	2012	3741	4412	
7483	1342	2013	3742	4413	
7484	1342	2013	3742	4413	
7485	1343	2014	3743	4414	
7486	1343	2014	3743	4414	
7487	1344	2015	3744	4415	
7488	1344	2015	3744	4415	
7489	1345	2016	3745	4416	
7490	1345	2016	3745	4416	
7491	1346	2017	3746	4417	
7492	1346	2017	3746	4417	
7493	1347	2018	3747	4418	
7494	1347	2018	3747	4418	
7495	1348	2019	3748	4419	
7496	1348	2019	3748	4419	
7497	1349	2020	3749	4420	
7498	1349	2020	3749	4420	
7499	1350	2021	3750	4421	
7500	1350	2021	3750	4421	
7501	1351	2022	3751	4422	
7502	1351	2022	3751	4422	
7503	1352	2023	3752	4423	
7504	1352	2023	3752	4423	
7505	1353	2024	3753	4424	
7506	1353	2024	3753	4424	
7507	1354	2025	3754	4425	
7508	1354	2025	3754	4425	
7509	1355	2026	3755	4426	
7510	1355	2026	3755	4426	
7511	1356	2027	3756	4427	
7512	1356	2027	3756	4427	
7513	1357	2028	3757	4428	
7514	1357	2028	3757	4428	
7515	1358	2029	3758	4429	
7516	1358	2029	3758	4429	
7517	1359	2030	3759	4430	
7518	1359	2030	3759	4430	
7519	1360	2031	3760	4431	
7520	1360	2031	3760	4431	
7521	1361	2032	3761	4432	
7522	1361	2032	3761	4432	
7523	1362	2033	3762	4433	
7524	1362	2033	3762	4433	
7525	1363	2034	3763	4434	
7526	1363	2034	3763	4434	
7527	1364	2035	3764	4435	
7528	1364	2035	3764	4435	
7529	1365	2036	3765	4436	
7530	1365	2036	3765	4436	
7531	1366	2037	3766	4437	
7532	1366	2037	3766	4437	
7533	1367	2038	3767	4438	
7534	1367	2038	3767	4438	
7535	1368	2039	3768	4439	
7536	1368	2039	3768	4439	
7537	1369	2040	3769	4440	
7538	1369	2040	3769	4440	
7539	1370	2041	3770	4441	
7540	1370	2041	3770	4441	
7541	1371	2042	3771	4442	
7542	1371	2042	3771	4442	
7543	1372	2043	3772	4443	
7544	1372	2043	3772	4443	
7545	1373	2044	3773	4444	
7546	1373	2044	3773	4444	
7547	1374	2045	3774	4445	
7548	1374	2045	3774	4445	
7549	1375	2046	3775	4446	
7550	1375	2046	3775	4446	
7551	1376	2047	3776	4447	
7552	1376	2047	3776	4447	
7553	1377	2048	3777	4448	
7554	1377	2048	3777	4448	
7555	1378	2049	3778	4449	
7556	1378	2049	3778	4449	
7557	1379	2050	3779	4450	
7558	1379	2050	3779	4450	
7559	1380	2051	3780	4451	
7560	1380	2051	3780	4451	
7561	1381	2052	3781	4452	
7562	1381	2052	3781	4452	
7563	1382	2053	3782	4453	
7564	1382	2053	3782	4453	
7565	1383	2054	3783	4454	
7566	1383	2054	3783	4454	
7567	1384	2055	3784	4455	
7568	1384	2055	3784	4455	
7569	1385	2056	3785	4456	
7570	1385	2056	3785	4456	
7571	1386	2057	3786	4457	
7572	1386	2057	3786	4457	
7573	1387	2058	3787	4458	
7574	1387	2058	3787	4458	
7575	1388	2059	3788	4459	
7576	1388	2059	3788	4459	
7577	1389	2060	3789	4460	
7578	1389	2060	3789	4460	
7579	1390	2061	3790	4461	
7580	1390	2061	3790	4461	
7581	1391	2062	3791	4462	
7582	1391	2062	3791	4462	
7583	1392	2063	3792	4463	
7584	1392	2063	3792	4463	
7585	1393	2064	3793	4464	
7586	1393	2064	3793	4464	
7587	1394	2065	3794	4465	
7588	1394	2065	3794	4465	
7589	1395	2066	3795	4466	
7590	1395	2066	3795	4466	
7591	1396	2067	3796	4467	
7592	1396	2067	3796	4467	
7593	1397	2068	3797	4468	
7594	1397	2068	3797	4468	
7595	1398	2069	3798	4469	
7596	1398	2069	3798	4469	
7597	1399	2070	3799	4470	
7598	1399	2070	3799	4470	
7599	1400	2071	3800	4471	
7600	1400	2071	3800	4471	
7601	1401	2072	3801	4472	
7602	1401	2072	3801	4472	
7603	1402	2073	3802	4473	
7604	1402	2073	3802	4473	
7605	1403	2074	3803	4474	
7606	1403	2074	3803	4474	
7607	1404	2075	3804	4475	
7608	1404	2075	3804	4475	
7609	1405	2076	3805	4476	
7610	1405	2076	3805	4476	
7611	1406	2077	3806	4477	
7612	1406	2077	3806	4477	
7613	1407	2078	3807	4478	
7614	1407	2078	3807	4478	
7615	1408	2079	3808	4479	
7616	1408	2079	3808	4479	
7617	1409	2080	3809	4480	
7618	1409	2080	3809	4480	
7619	1410	2081	3810	4481	
7620	1410	2081	3810	4481	
7621	1411	2082	3811	4482	
7622	1411	2082	3811	4482	
7623	1412	2083	3812	4483	
7624	1412	2083	3812	4483	
7625	1413	2084	3813	4484	
7626	1413	2084	3813	4484	
7627	1414	2085	3814	4485	
7628	1414	2085	3814	4485	
7629	1415	2086	3815	4486	
7630	1415	2086	3815	4486	
7631	1416	2087	3816	4487	
7632	1416	2087	3816	4487	
7633	1417	2088	3817	4488	
7634	1417	2088	3817	4488	
7635	1418	2089	3818	4489	
7636	1418	2089	3818	4489	
7637	1419	2090	3819	4490	
7638	1419	2090	3819	4490	
7639	1420	2091	3820	4491	
7640	1420	2091	3820	4491	
7641	1421	2092	3821	4492	
7642	1421	2092	3821	4492	
7643	1422	2093	3822	4493	
7644	1422	2093	3822	4493	
7645	1423	2094	3823	4494	
7646	1423	2094	3823	4494	
7647	1424	2095	3824	4495	
7648	1424	2095	3824	4495	
7649	1425	2096	3825	4496	
7650	1425	2096	3825	4496	
7651	1426	2097	3826	4497	
7652	1426	2097	3826	4497	
7653	1427	2098	3827	4498	
7654	1427	2098	3827	4498	
7655	1428	2099	3828	4499	
7656	1428	2099	3828	4499	
7657	1429	2100	3829	4500	
7658	1429	2100	3829	4500	
7659	1430	2101	3830	4501	
7660	1430	2101	3830	4501	
7661	1431	2102	3831	4502	
7662	1431	2102	3831	4502	
7663	1432	2103	3832	4503	
7664	1432	2103	3832	4503	
7665	1433	2104	3833	4504	
7666	1433	2104	3833	4504	
7667	1434	2105	3834	4505	
7668	1434	2105	3834	4505	
7669	1435	2106	3835	4506	
7670	1435	2106	3835	4506	
7671	1436	2107	3836	4507	
7672	1436	2107	3836	4507	
7673	1437	2108	3837	4508	
7674	1437	2108	3837	4508	
7675	1438	2109	3838	4509	
7676	1438	2109	3838	4509	
7677	1439	2110	3839	4510	
7678	1439	2110	3839	4510	
7679	1440	2111	3840	4511	
7680	1440	2111	3840	4511	
7681	1441	2112	3841	4512	
7682	1441	2112	3841	4512	
7683	1442	2113	3842	4513	
7684	1442	2113	3842	4513	
7685	1443	2114	3843	4514	
7686	1443	2114	3843	4514	
7687	1444	2115	3844	4515	
7688	1444	2115	3844	4515	
7689	1445	2116	3845	4516	
7690	1445	2116	3845	4516	
7691	1446	2117	3846	4517	
7692	1446	2117	3846	4517	
7693	1447	2118	3847	4518	
7694	1447	2118	3847	4518	
7695	1448	2119	3848	4519	
7696	1448	2119	3848	4519	
7697	1449	2120	3849	4520	
7698	1449	2120	3849	4520	
7699	1450	2121	3850	4521	
7700	1450	2121	3850	4521	
7701	1451	2122	3851	4522	
7702	1451	2122	3851	4522	
7703	1452	2123	3852	4523	
7704	1452	2123	3852	4523	
7705	1453	2124	3853	4524	
7706	1453	2124	3853	4524	
7707	1454	2125	3854	4525	
7708	1454	2125	3854	4525	
7709	1455	2126	3855	4526	
7710	1455	2126	3855	4526	
7711	1456	2127	3856	4527	
7712	1456	2127	3856	4527	
7713	1457	2128	3857	4528	
7714	1457	2128	3857	4528	
7715	1458	2129	3858	4529	
7716	1458	2129	3858	4529	
7717	1459	2130	3859	4530	
7718	1459	2130	3859	4530	
7719	1460	2131	3860	4531	
7720	1460	2131	3860	4531	
7721	1461	2132	3861	4532	
7722	1461	2132	3861	4532	
7723	1462	2133	3862	4533	
7724	1462	2133	3862	4533	
7725	1463	2134	3863	4534	
7726	1463	2134	3863	4534	
7727	1464	2135	3864	4535	
7728	1464	2135	3864	4535	
7729	1465	2136	3865	4536	
7730	1465	2136	3865	4536	
7731	1466	2137	3866	4537	
7732	1466	2137	3866	4537	
7733	1467	2138	3867	4538	
7734	1467	2138	3867	4538	
7735	1468	2139	3868	4539	
7736	1468	2139	3868	4539	
7737	1469	2140	3869	4540	
7738	1469	2140	3869	4540	
7739	1470	2141	3870	4541	
7740	1470	2141	3870	4541	
7741	1471	2142	3871	4542	
7742	1471	2142	3871	4542	
7743	1472	2143	3872	4543	
7744	1472	2143	3872	4543	
7745	1473	2144	3873	4544	
7746	1473	2144	3873	4544	
7747	1474	2145	3874	4545	
7748	1474	2145	3874	4545	
7749	1475	2146	3875	4546	
7750	1475	2146	3875	4546	
7751	1476	2147	3876	4547	
7752	1476	2147	3876	4547	
7753	1477	2148	3877	4548	
7754	1477	2148	3877	4548	
7755	1478	2149	3878	4549	
7756	1478	2149	3878	4549	
7757	1479	2150	3879	4550	
7758	1479	2150	3879	4550	
7759	1480	2151	3880	4551	
7760	1480	2151	3880	4551	
7761	1481	2152	3881	4552	
7762	1481	2152	3881	4552	
7763	1482	2153	3882	4553	
7764	1482	2153	3882	4553	
7765	1483	2154	3883	4554	
7766	1483	2154	3883	4554	
7767	1484	2155	3884	4555	
7768	1484	2155	3884	4555	
7769	1485	2156	3885	4556	
7770	1485	2156	3885	4556	
7771	1486	2157	3886	4557	
7772	1486	2157	3886	4557	
7773	1487	2158	3887	4558	
7774	1487	2158	3887	4558	
7775	1488	2159	3888	4559	
7776	1488	2159	3888	4559	
7777	1489	2160	3889	4560	
7778	1489	2160	3889	4560	
7779	1490	2161	3890	4561	
7780	1490	2161	3890	4561	
7781	1491	2162	3891	4562	
7782	1491	2162	3891	4562	
7783	1492	2163	3892	4563	
7784	1492	2163	3892	4563	
7785	1493	2164	3893	4564	
7786	1493	2164	3893	4564	
7787	1494	2165	3894	4565	
7788	1494	2165	3894	4565	
7789	1495	2166	3895	4566	
7790	1495	2166	3895	4566	
7791	1496	2167	3896	4567	
7792	1496	2167	3896	4567	
7793	1497	2168	3897	4568	
7794	1497	2168	3897	4568	
7795	1498	2169	3898	4569	
7796	1498	2169	3898	4569	
7797	1499	2170	3899	4570	
7798	1499	2170	3899	4570	
7799	1500	2171	3900	4571	
7800	1500	2171	3900	4571	
7801	1501	2172	3901	4572	
7802	1501	2172	3901	4572	
7803	1502	2173	3902	4573	
7804	1502	2173	3902	4573	
7805	1503	2174	3903	4574	
7806	1503	2174	3903	4574	
7807	1504	2175	3904	4575	
7808	1504	2175	3904	4575	
7809	1505	2176	3905	4576	
7810	1505	2176	3905	4576	
7811	1506	2177	3906	4577	
7812	1506	2177	3906	4577	
7813	1507	2178	3907	4578	
7814	1507	2178	3907	4578	
7815	1508	2179	3908	4579	
7816	1508	2179	3908	4579	
7817	1509	2180	3909	4580	
7818	1509	2180	3909	4580	
7819	1510	2181	3910	4581	
7820	1510	2181	3910	4581	
7821	1511	2182	3911	4582	
7822	1511	2182	3911	4582	
7823	1512	2183	3912	4583	
7824	1512	2183	3912	4583	
7825	1513	2184	3913	4584	
7826	1513	2184	3913	4584	
7827	1514	2185	3914	4585	
7828	1514	2185	3914	4585	
7829	1515	2186	3915	4586	
7830	1515	2186	3915	4586	
7831	1516	2187	3916	4587	
7832	1516	2187	3916	4587	
7833	1517	2188	3917	4588	
7834	1517	2188	3917	4588	
7835	1518	2189	3918	4589	
7836	1518	2189	3918	4589	
7837	1519	2190	3919	4590	
7838	1519	2190	3919	4590	
7839	1520	2191	3920	4591	
7840	1520	2191	3920	4591	
7841	1521	2192	3921	4592	
7842	1521	2192	3921	4592	
7843	1522	2193	3922	4593	
7844	1522	2193	3922	4593	
7845	1523	2194	3923	4594	
7846	1523	2194	3923	4594	
7847	1524	2195	3924	4595	
7848	1524	2195	3924	4595	
7849	1525	2196	3925	4596	
7850	1525	2196	3925	4596	
7851	1526	2197	3926	4597	
7852	1526	2197	3926	4597	
7853	1527	2198	3927	4598	
7854	1527	2198	3927	4598	
7855	1528	2199	3928	4599	
7856	1528	2199	3928	4599	
7857	1529	2200	3929	4600	
7858	1529	2200	3929	4600	
7859	1530	2201	3930	4601	
7860	1530	2201	3930	4601	
7861	1531	2202	3931	4602	
7862	1531	2202	3931	4602	
7863	1532	2203	3932	4603	
7864	1532	2203	3932	4603	
7865	1533	2204	3933	4604	
7866	1533	2204	3933	4604	
7867	1534	2205	3934	4605	
7868	1534	2205	3934	4605	
7869	1535	2206	3935	4606	
7870	1535	2206	3935	4606	
7871	1536	2207	3936	4607	
7872	1536	2207	3936	4607	
7873	1537	2208	3937	4608	
7874	1537	2208	3937	4608	
7875	1538	2209	3938	4609	
7876	1538	2209	3938	4609	
7877	1539	2210	3939	4610	
7878	1539	2210	3939	4610	
7879	1540	2211	3940	4611	
7880	1540	2211	3940	4611	
7881	1541	2212	3941	4612	
7882	1541	2212	3941	4612	
7883	1542	2213	3942	4613	
7884	1542	2213	3942	4613	
7885	1543	2214	3943	4614	
7886	1543	2214	3943	4614	
7887	1544	2215	3944	4615	
7888	1544	2215	3944	4615	
7889	1545	2216	3945	4616	
7890	1545	2216	3945	4616	
7891	1546	2217	3946	4617	
7892	1546	2217	3946	4617	
7893	1547	2218	3947	4618	
7894	1547	2218	3947	4618	
7895	1548	2219	3948	4619	
7896	1548	2219	3948	4619	
7897	1549	2220	3949	4620	
7898	1549	2220	3949	4620	
7899	1550	2221	3950	4621	
7900	1550	2221	3950	4621	
7901	1551	2222	3951	4622	
7902	1551	2222	3951	4622	
7903	1552	2223	3952	4623	
7904	1552	2223	3952	4623	
7905	1553	2224	3953	4624	
7906	1553	2224	3953	4624	
7907	1554	2225	3954	4625	
7908	1554	2225	3954	4625	
7909	1555	2226	3955	4626	
7910	1555	2226	3955	4626	
7911	1556	2227	3956	4627	
7912	1556	2227	3956	4627	
7913	1557	2228	3957	4628	
7914	1557	2228	3957	4628	
7915	1558	2229	3958	4629	
7916	1558	2229	3958	4629	
7917	1559	2230	3959	4630	
7918	1559	2230	3959	4630	
7919	1560	2231	3960	4631	
7920	1560	2231	3960	4631	
7921	1561	2232	3961	4632	
7922	1561	2232	3961	4632	
7923	1562	2233	3962	4633	
7924	1562	2233	3962	4633	
7925	1563	2234	3963	4634	
7926	1563	2234	3963	4634	
7927	1564	2235	3964	4635	
7928	1564	2235	3964	4635	
7929	1565	2236	3965	4636	
7930	1565	2236	3965	4636	
7931	1566	2237	3966	4637	
7932	1566	2237	3966	4637	
7933	1567	2238	3967	4638	
7934	1567	2238	3967	4638	
7935	1568	2239	3968	4639	
7936	1568	2239	3968	4639	
7937	1569	2240	3969	4640	
7938	1569	2240	3969	4640	
7939	1570	2241	3970	4641	
7940	1570	2241	3970	4641	
7941	1571	2242	3971	4642	
7942	1571	2242	3971	4642	
7943	1572	2243	3972	4643	
7944	1572	2243	3972	4643	
7945	1573	2244	3973	4644	
7946	1573	2244	3973	4644	
7947	1574	2245	3974	4645	
7948	1574	2245	3974	4645	
7949	1575	2246	3975	4646	
7950	1575	2246	3975	4646	
7951	1576	2247	3976	4647	
7952	1576	2247	3976	4647	
7953	1577	2248	3977	4648	
7954	1577	2248	3977	4648	
7955	1578	2249	3978	4649	
7956	1578	2249	3978	4649	
7957	1579	2250	3979	4650	
7958	1579	2250	3979	4650	
7959	1580	2251	3980	4651	
7960	1580	2251	3980	4651	
7961	1581	2252	3981	4652	
7962	1581	2252	3981	4652	
7963	1582	2253	3982	4653	
7964	1582	2253	3982	4653	
7965	1583	2254	3983	4654	
7966	1583	2254	3983	4654	
7967	1584	2255	3984	4655	
7968	1584	2255	3984	4655	
7969	1585	2256	3985	4656	
7970	1585	2256	3985	4656	
7971	1586	2257	3986	4657	
7972	1586	2257	3986	4657	
7973	1587	2258	3987	4658	
7974	1587	2258	3987	4658	
7975	1588	2259	3988	4659	
7976	1588	2259	3988	4659	
7977	1589	2260	3989	4660	
7978	1589	2260	3989	4660	
7979	1590	2261	3990	4661	
7980	1590	2261	3990	4661	
7981	1591	2262	3991	4662	
7982	1591	2262	3991	4662	
7983	1592	2263	3992	4663	
7984	1592	2263	3992	4663	
7985	1593	2264	3993	4664	
7986	1593	2264	3993	4664	
7987	1594	2265	3994	4665	
7988	1594	2265	3994	4665	
7989	1595	2266	3995	4666	
7990	1595	2266	3995	4666	
7991	1596	2267	3996	4667	
7992	1596	2267	3996	4667	
7993	1597	2268	3997	4668	
7994	1597	2268	3997	4668	
7995	1598	2269	3998	4669	
7996	1598	2269	3998	4669	
7997	1599	2270	3999	4670	
7998	1599	2270	3999	4670	
7999	1600	2271	4000	4671	
8000	1600	2271	4000	4671	
8001	1601	2272	4001	4672	
8002	1601	2272	4001	4672	
8003	1602	2273	4002	4673	
8004	1602	2273	4002	4673	
8005	1603	2274	4003	4674	
8006	1603	2274	4003	4674	
8007	1604	2275	4004	4675	
8008	1604	2275	4004	4675	
8009	1605	2276	4005	4676	
8010	1605	2276	4005	4676	
8011	1606	2277	4006	4677	
8012	1606	2277	4006	4677	
8013	1607	2278	4007	4678	
8014	1607	2278	4007	4678	
8015	1608	2279	4008	4679	
8016	1608	2279	4008	4679	
8017	1609	2280	4009	4680	
8018	1609	2280	4009	4680	
8019	1610	2281	4010	4681	
8020	1610	2281	4010	4681	
8021	1611	2282	4011	4682	
8022	1611	2282	4011	4682	
8023	1612	2283	4012	4683	
8024	1612	2283	4012	4683	
8025	1613	2284	4013	4684	
8026	1613	2284	4013	4684	
8027	1614	2285	4014	4685	
8028	1614	2285	4014	4685	
8029	1615	2286	4015	4686	
8030	1615	2286	4015	4686	
8031	1616	2287	4016	4687	
8032	1616	2287	4016	4687	
8033	1617	2288	4017	4688	
8034	1617	2288	4017	4688	
8035	1618	2289	4018	4689	
8036	1618	2289	4018	4689	
8037	1619	2290	4019	4690	
8038	1619	2290	4019	4690	
8039	1620	2291	4020	4691	
8040	1620	2291	4020	4691	
8041	1621	2292	4021	4692	
8042	1621	2292	4021	4692	
8043	1622	2293	4022	4693	
8044	1622	2293	4022	4693	
8045	1623	2294	4023	4694	
8046	1623	2294	4023	4694	
8047	1624	2295	4024	4695	
8048	1624	2295	4024	4695	
8049	1625	2296	4025	4696	
8050	1625	2296	4025	4696	
8051	1626	2297	4026	4697	
8052	1626	2297	4026	4697	
8053	1627	2298	4027	4698	
8054	1627	2298	4027	4698	
8055	1628	2299	4028	4699	
8056	1628	2299	4028	4699	
8057	1629	2300	4029	4700	
8058	1629	2300	4029	4700	
8059	1630	2301	4030	4701	
8060	1630	2301	4030	4701	
8061	1631	2302	4031	4702	
8062	1631	2302	4031	4702	
8063	1632	2303	4032	4703	
8064	1632	2303	4032	4703	
8065	1633	2304	4033	4704	
8066	1633	2304	4033	4704	
8067	1634	2305	4034	4705	
8068	1634	2305	4034	4705	
8069	1635	2306	4035	4706	
8070	1635	2306	4035	4706	
8071	1636	2307	4036	4707	
8072	1636	2307	4036	4707	
8073	1637	2308	4037	4708	
8074	1637	2308	4037	4708	
8075	1638	2309	4038	4709	
8076	1638	2309	4038	4709	
8077	1639	2310	4039	4710	
8078	1639	2310	4039	4710	
8079	1640	2311	4040	4711	
8080	1640	2311	4040	4711	
8081	1641	2312	4041	4712	
8082	1641	2312	4041	4712	
8083	1642	2313	4042	4713	
8084	1642	2313	4042	4713	
8085	1643	2314	4043	4714	
8086	1643	2314	4043	4714	
8087	1644	2315	4044	4715	
8088	1644	2315	4044	4715	
8089	1645	2316	4045	4716	
8090	1645	2316	4045	4716	
8091	1646	2317	4046	4717	
8092	1646	2317	4046	4717	
8093	1647	2318	4047	4718	
8094	1647	2318	4047	4718	
8095	1648	2319	4048	4719	
8096	1648	2319	4048	4719	
8097	1649	2320	4049	4720	
8098	1649	2320	4049	4720	
8099	1650	2321	4050	4721	
8100	1650	2321	4050	4721	
8101	1651	2322	4051	4722	
8102	1651	2322	4051	4722	
8103	1652	2323	4052	4723	
8104	1652	2323	4052	4723	
8105	1653	2324	4053	4724	
8106	1653	2324	4053	4724	
8107	1654	2325	4054	4725	
8108	1654	2325	4054	4725	
8109	1655	2326	4055	4726	
8110	1655	2326	4055	4726	
8111	1656	2327	4056	4727	
8112	1656	2327	4056	4727	
8113	1657	2328	4057	4728	
8114	1657	2328	4057	4728	
8115	1658	2329	4058	4729	
8116	1658	2329	4058	4729	
8117	1659	2330	4059	4730	
8118	1659	2330	4059	4730	
8119	1660	2331	4060	4731	
8120	1660	2331	4060	4731	
8121	1661	2332	4061	4732	
8122	1661	2332	4061	4732	
8123	1662	2333	4062	4733	
8124	1662	2333	4062	4733	
8125	1663	2334	4063	4734	
8126	1663	2334	4063	4734	
8127	1664	2335	4064	4735	
8128	1664	2335	4064	4735	
8129	1665	2336	4065	4736	
8130	1665	2336	4065	4736	
8131	1666	2337	4066	4737	
8132	1666	2337	4066	4737	
8133	1667	2338	4067	4738	
8134	1667	2338	4067	4738	
8135	1668	2339	4068	4739	
8136	1668	2339	4068	4739	
8137	1669	2340	4069	4740	
8138	1669	2340	4069	4740	
8139	1670	2341	4070	4741	
8140	1670	2341	4070	4741	
8141	1671	2342	4071	4742	
8142	1671	2342	4071	4742	
8143	1672	2343	4072	4743	
8144	1672	2343	4072	4743	
8145	1673	2344	4073	4744	
8146	1673	2344	4073	4744	
8147	1674	2345	4074	4745	
8148	1674	2345	4074	4745	
8149	1675	2346	4075	4746	
8150	1675	2346	4075	4746	
8151	1676	2347	4076	4747	
8152	1676	2347	4076	4747	
8153	1677	2348	4077	4748	
8154	1677	2348	4077	4748	
8155	1678	2349	4078	4749	
8156	1678	2349	4078	4749	
8157	1679	2350	4079	4750	
8158	1679	2350	4079	4750	
8159	1680	2351	4080	4751	
8160	1680	2351	4080	4751	
8161	1681	2352	4081	4752	
8162	1681	2352	4081	4752	
8163	1682	2353	4082	4753	
8164	1682	2353	4082	4753	
8165	1683	2354	4083	4754	
8166	1683	2354	4083	4754	
8167	1684	2355	4084	4755	
8168	1684	2355	4084	4755	
8169	1685	2356	4085	4756	
8170	1685	2356	4085	4756	
8171	1686	2357	4086	4757	
8172	1686	2357	4086	4757	
8173	1687	2358	4087	4758	
8174	1687	2358	4087	4758	
8175	1688	2359	4088	4759	
8176	1688	2359	4088	4759	
8177	1689	2360	4089	4760	
8178	1689	2360	4089	4760	
8179	1690	2361	4090	4761	
8180	1690	2361	4090	4761	
8181	1691	2362	4091	4762	
8182	1691	2362	4091	4762	
8183	1692	2363	4092	4763	
8184	1692	2363	4092	4763	
8185	1693	2364	4093	4764	
8186	1693	2364	4093	4764	
8187	1694	2365	4094	4765	
8188	1694	2365	4094	4765	
8189	1695	2366	4095	4766	
8190	1695	2366	4095	4766	
8191	1696	2367	4096	4767	
8192	1696	2367	4096	4767	
8193	1697	2368	4097	4768	
8194	1697	2368	4097	4768	
8195	1698	2369	4098	4769	
8196	1698	2369	4098	4769	
8197	1699	2370	4099	4770	
8198	1699	2370	4099	4770	
8199	1700	2371	4100	4771	
8200	1700	2371	4100	4771	
8201	1701	2372	4101	4772	
8202	1701	2372	4101	4772	
8203	1702	2373	4102	4773	
8204	1702	2373	4102	4773	
8205	1703	2374	4103	4774	
8206	1703	2374	4103	4774	
8207	1704	2375	4104	4775	
8208	1704	2375	4104	4775	
8209	1705	2376	4105	4776	
8210	1705	2376	4105	4776	
8211	1706	2377	4106	4777	
8212	1706	2377	4106	4777	
8213	1707	2378	4107	4778	
8214	1707	2378	4107	4778	
8215	1708	2379	4108	4779	
8216	1708	2379	4108	4779	
8217	1709	2380	4109	4780	
8218	1709	2380	4109	4780	
8219	1710	2381	4110	4781	
8220	1710	2381	4110	4781	
8221	1711	2382	4111	4782	
8222	1711	2382	4111	4782	
8223	1712	2383	4112	4783	
8224	1712	2383	4112	4783	
8225	1713	2384	4113	4784	
8226	1713	2384	4113	4784	
8227	1714	2385	4114	4785	
8228	1714	2385	4114	4785	
8229	1715	2386	4115	4786	
8230	1715	2386	4115	4786	
8231	1716	2387	4116	4787	
8232	1716	2387	4116	4787	
8233	1717	2388	4117	4788	
8234	1717	2388	4117	4788	
8235	1718	2389	4118	4789	
8236	1718	2389	4118	4789	
8237	1719	2390	4119	4790	
8238	1719	2390	4119	4790	
8239	1720	2391	4120	4791	
8240	1720	2391	4120	4791	
8241	1721	2392	4121	4792	
8242	1721	2392	4121	4792	
8243	1722	2393	4122	4793	
8244	1722	2393	4122	4793	
8245	1723	2394	4123	4794	
8246	1723	2394	4123	4794	
8247	1724	2395	4124	4795	
8248	1724	2395	4124	4795	
8249	1725	2396	4125	4796	
8250	1725	2396	4125	4796	
8251	1726	2397	4126	4797	
8252	1726	2397	4126	4797	
8253	1727	2398	4127	4798	
8254	1727	2398	4127	4798	
8255	1728	2399	4128	4799
